#do_nothing base_heapsort cache_heapsort cache4_heapsort base_quicksort cache_quicksort multi_quicksort multi_quicksort_seq base_radixsort base_mergesort knuth_base_mergesort knuth_other_base_mergesort tiled_mergesort double_tiled_mergesort multi_mergesort double_multi_mergesort on2_insertsort on2_selectsort on2_bubblesort on2_shakersort
4096 273.1025390625 344.7978515625 378.3154296875 199.6669921875 197.171875 194.697265625 205.5703125 219.76953125 290.3037109375 338.7626953125 373.0009765625 294.2138671875 271.712890625 300.0029296875 294.3525390625 3179.1103515625 8519.412109375 19248.2138671875 17526.1416015625 
8192 294.5087890625 376.7001953125 354.3037109375 221.9658203125 231.85107421875 203.49853515625 210.787109375 225.33154296875 306.44091796875 336.962890625 404.96044921875 297.3076171875 262.658203125 315.0966796875 286.49853515625 6362.5458984375 16678.037109375 45429.169921875 36006.2192382812 
16384 335.0498046875 433.038330078125 406.854736328125 234.50341796875 224.652587890625 258.770751953125 231.273193359375 232.5205078125 404.367919921875 419.8837890625 521.101318359375 331.176513671875 321.177490234375 328.955810546875 321.481201171875 12782.5451660156 33103.8830566406 99409.6857910156 71014.2456054688 
32768 369.62939453125 453.020385742188 431.46875 257.89599609375 242.965454101562 246.313720703125 250.056884765625 237.428466796875 360.649169921875 414.685180664062 483.92724609375 370.62158203125 325.279541015625 369.454711914062 329.821655273438 25792.2325439453 65825.1617431641 210258.768066406 144348.450073242 
65536 388.120422363281 495.500366210938 471.503356933594 270.184997558594 257.994750976562 257.987731933594 266.769470214844 270.757202148438 404.924560546875 464.427612304688 525.2939453125 413.320007324219 374.541870117188 417.517639160156 378.38671875 51797.7578125 105293.060180664 419785.217041016 283452.420532227 
131072 487.981262207031 553.464599609375 519.967712402344 292.102935791016 290.560302734375 278.213134765625 285.109680175781 340.454742431641 486.364837646484 493.361907958984 591.713012695312 491.287719726562 408.536834716797 484.417236328125 405.956848144531 145290.692779541 239420.017669678 888963.94732666 593814.597229004 
262144 754.339340209961 672.582015991211 676.952301025391 308.119430541992 299.27473449707 297.90576171875 304.166305541992 354.399520874023 500.051315307617 544.14567565918 602.114990234375 494.384414672852 447.403015136719 524.248229980469 430.500549316406 541325.147399902 616240.805236816 1993406.65367126 1365182.35600281 
524288 1156.51174163818 875.869911193848 879.79216003418 327.225440979004 326.406509399414 322.341041564941 320.973686218262 351.545913696289 546.988227844238 559.219848632812 666.066123962402 537.289085388184 476.901748657227 660.888290405273 580.836883544922 0 0 0 0 
1048576 1596.28781890869 1067.25255584717 1151.84881210327 342.188983917236 337.759197235107 328.325244903564 335.710800170898 352.600326538086 545.168140411377 599.529285430908 637.300895690918 547.251346588135 516.363246917725 693.509216308594 596.276569366455 0 0 0 0 
2097152 2122.50114631653 1281.53698921204 1419.79205131531 366.21339225769 360.324764251709 461.240018844604 449.205219268799 355.323883056641 597.119394302368 609.537076950073 701.298847198486 590.984140396118 522.378786087036 733.786556243896 665.5091381073 0 0 0 0 
4194304 2697.20356273651 1468.65216064453 1750.62692928314 386.163167953491 378.110927581787 471.29442691803 461.94956111908 351.618574142456 595.224168777466 651.503821372986 705.039859771729 587.66294670105 558.467733383179 795.944887161255 724.803401947021 0 0 0 0 
