do_nothing
4096 1916164
8192 2277048
16384 2994792
32768 4618872
65536 8010168
131072 14831620
262144 28457820
524288 56227704
1048576 112049520
2097152 219931216
4194304 443260080
base_heapsort
4096 3034792
8192 4689664
16384 8484248
32768 16730888
65536 33446028
131072 78792300
262144 226203352
524288 662572932
1048576 1785878616
2097152 4671138740
4194304 11756151772
cache_heapsort
4096 3328456
8192 5362976
16384 10089692
32768 19463444
65536 40483280
131072 87375332
262144 204771160
524288 515435788
1048576 1231144936
2097152 2907509076
4194304 6603233712
cache4_heapsort
4096 3465744
8192 5179504
16384 9660700
32768 18757240
65536 38910612
131072 82984828
262144 205916804
524288 517492176
1048576 1319850540
2097152 3197450956
4194304 7785921612
base_quicksort
4096 2734000
8192 4095392
16384 6836896
32768 13069608
65536 25717012
131072 53118136
262144 109229480
524288 227788076
1048576 470860676
2097152 987936364
4194304 2062945800
cache_quicksort
4096 2723780
8192 4176372
16384 6675500
32768 12580364
65536 24918112
131072 52915940
262144 106910896
524288 227358720
1048576 466215708
2097152 975587016
4194304 2029172256
multi_quicksort
4096 2713644
8192 3944108
16384 7234492
32768 12690080
65536 24917652
131072 51297572
262144 106552028
524288 225227244
1048576 456323492
2097152 1187221644
4194304 2420012180
multi_quicksort_seq
4096 2758180
8192 4003816
16384 6783972
32768 12812736
65536 25493172
131072 52201516
262144 108193192
524288 224510356
1048576 464067808
2097152 1161982840
4194304 2380816972
base_radixsort
4096 2816340
8192 4122964
16384 6804408
32768 12398928
65536 25754512
131072 59455704
262144 121361528
524288 240539008
1048576 481777760
2097152 965099408
4194304 1918055272
base_mergesort
4096 3105248
8192 4787412
16384 9619956
32768 16436624
65536 34547304
131072 78580432
262144 159543272
524288 343007068
1048576 683699748
2097152 1472181348
4194304 2939811192
knuth_base_mergesort
4096 3303736
8192 5037448
16384 9874168
32768 18207276
65536 38446896
131072 79497552
262144 171102344
524288 349419960
1048576 740701540
2097152 1498223116
4194304 3175865164
knuth_other_base_mergesort
4096 3443976
8192 5594484
16384 11532516
32768 20476200
65536 42435832
131072 92388628
262144 186298652
524288 405438180
1048576 780307944
2097152 1690661496
4194304 3400411584
tiled_mergesort
4096 3121264
8192 4712592
16384 8420788
32768 16763400
65536 35097508
131072 79225684
262144 158057728
524288 337921924
1048576 685884148
2097152 1459314788
4194304 2908097128
double_tiled_mergesort
4096 3029100
8192 4428744
16384 8256964
32768 15277632
65536 32556144
131072 68379360
262144 145741836
524288 306261568
1048576 653495628
2097152 1315438932
4194304 2785643528
multi_mergesort
4096 3144976
8192 4858320
16384 8384404
32768 16725164
65536 35372604
131072 78325156
262144 165886348
524288 402723504
1048576 839246640
2097152 1758793160
4194304 3781694904
double_multi_mergesort
4096 3121832
8192 4624044
16384 8261940
32768 15426468
65536 32808120
131072 68041196
262144 141310956
524288 360753512
1048576 737290820
2097152 1615605036
4194304 3483305888
on2_insertsort
4096 14937800
8192 54399024
16384 212424012
32768 849778748
65536 3402628024
131072 19058373304
262144 141933597260
on2_selectsort
4096 36811676
8192 138903528
16384 545368812
32768 2161577772
65536 6908496160
131072 31396092176
262144 161572287468
on2_bubblesort
4096 80756848
8192 374432808
16384 1631723084
32768 6894378184
65536 27519054152
131072 116533114124
262144 522588051640
on2_shakersort
4096 73703240
8192 297239996
16384 1166492192
32768 4734628884
65536 18584348000
131072 77847298508
262144 357902821352
