#set_size_in_keys sim_num_insn sim_num_refs sim_elapsed_time sim_inst_rate sim_num_branches sim_IPB bpred_2lev.lookups bpred_2lev.updates bpred_2lev.addr_hits bpred_2lev.dir_hits bpred_2lev.misses bpred_2lev.jr_hits bpred_2lev.jr_seen bpred_2lev.jr_non_ras_hits.PP bpred_2lev.jr_non_ras_seen.PP bpred_2lev.bpred_addr_rate bpred_2lev.bpred_dir_rate bpred_2lev.bpred_jr_rate bpred_2lev.bpred_jr_non_ras_rate.PP bpred_2lev.retstack_pushes bpred_2lev.retstack_pops bpred_2lev.used_ras.PP bpred_2lev.ras_hits.PP bpred_2lev.ras_rate.PP
4096 221.5302734375 48.34619140625 0.000244140625 907388.0000 43.173095703125 5.1312 43.173095703125 43.173095703125 36.086181640625 36.111328125 7.061767578125 0.013427734375 0.013671875 0 0 0.8358 0.8364 0.9821 <error: 0.01416015625 0.013671875 0.013671875 0.013427734375 0.9821 
8192 240.509887695312 51.941650390625 0.0001220703125 1970257.0000 47.1280517578125 5.1033 47.1280517578125 47.1280517578125 39.6568603515625 39.669189453125 7.4588623046875 0.0067138671875 0.0068359375 0 0 0.8415 0.8417 0.9821 <error: 0.007080078125 0.0068359375 0.0068359375 0.0067138671875 0.9821 
16384 259.418701171875 55.6841430664062 6.103515625e-05 4250316.0000 51.0299682617188 5.0837 51.0299682617188 51.0299682617188 43.1751098632812 43.1818237304688 7.84814453125 0.00335693359375 0.00341796875 0 0 0.8461 0.8462 0.9821 <error: 0.0035400390625 0.00341796875 0.00341796875 0.00335693359375 0.9821 
32768 278.796264648438 59.5835266113281 6.103515625e-05 4567798.0000 55.0205993652344 5.0671 55.0205993652344 55.0205993652344 46.71484375 46.7181396484375 8.30245971679688 0.001678466796875 0.001708984375 0 0 0.8490 0.8491 0.9821 <error: 0.00177001953125 0.001708984375 0.001708984375 0.001678466796875 0.9821 
65536 298.232284545898 63.5330505371094 4.57763671875e-05 6514983.6667 59.0178375244141 5.0533 59.0178375244141 59.0178375244141 50.2303314208984 50.2319641113281 8.78587341308594 0.0008392333984375 0.0008544921875 0 0 0.8511 0.8511 0.9821 <error: 0.000885009765625 0.0008544921875 0.0008544921875 0.0008392333984375 0.9821 
131072 317.671813964844 67.5033798217773 4.57763671875e-05 6939646.6667 63.0080490112305 5.0418 63.0080490112305 63.0080490112305 53.7472534179688 53.7480697631836 9.25997924804688 0.00041961669921875 0.00042724609375 0 0 0.8530 0.8530 0.9821 <error: 0.0004425048828125 0.00042724609375 0.00042724609375 0.00041961669921875 0.9821 
262144 337.153121948242 71.4904403686523 4.57763671875e-05 7365222.3333 67.006763458252 5.0316 67.006763458252 67.006763458252 57.2474098205566 57.2478294372559 9.75893402099609 0.000209808349609375 0.000213623046875 0 0 0.8544 0.8544 0.9821 <error: 0.00022125244140625 0.000213623046875 0.000213623046875 0.000209808349609375 0.9821 
524288 356.642242431641 75.4841709136963 4.76837158203125e-05 7479329.9200 71.0050868988037 5.0228 71.0050868988037 71.0050868988037 60.7470970153809 60.7473011016846 10.2577857971191 0.000104904174804688 0.0001068115234375 0 0 0.8555 0.8555 0.9821 <error: 0.000110626220703125 0.0001068115234375 0.0001068115234375 0.000104904174804688 0.9821 
1048576 376.12487411499 79.4787740707397 4.86373901367188e-05 7733245.4118 75.0019903182983 5.0149 75.0019903182983 75.0019903182983 64.2468175888062 64.2469186782837 10.7550716400146 5.24520874023438e-05 5.340576171875e-05 0 0 0.8566 0.8566 0.9821 <error: 5.53131103515625e-05 5.340576171875e-05 5.340576171875e-05 5.24520874023438e-05 0.9821 
2097152 395.63115978241 83.4785284996033 6.15119934082031e-05 6431772.6977 79.0037569999695 5.0078 79.0037569999695 79.0037569999695 67.7514147758484 67.7514629364014 11.2522940635681 2.62260437011719e-05 2.6702880859375e-05 0 0 0.8576 0.8576 0.9821 <error: 2.76565551757812e-05 2.6702880859375e-05 2.6702880859375e-05 2.62260437011719e-05 0.9821 
4194304 415.137232542038 87.4792141914368 5.55515289306641e-05 7473011.8240 83.0053999423981 5.0013 83.0053999423981 83.0053999423981 71.2487773895264 71.2488026618958 11.7565972805023 1.31130218505859e-05 1.33514404296875e-05 0 0 0.8584 0.8584 0.9821 <error: 1.38282775878906e-05 1.33514404296875e-05 1.33514404296875e-05 1.31130218505859e-05 0.9821 
