#set_size_in_keys sim_num_insn sim_num_refs sim_elapsed_time sim_inst_rate sim_num_branches sim_IPB bpred_bimod.lookups bpred_bimod.updates bpred_bimod.addr_hits bpred_bimod.dir_hits bpred_bimod.misses bpred_bimod.jr_hits bpred_bimod.jr_seen bpred_bimod.jr_non_ras_hits.PP bpred_bimod.jr_non_ras_seen.PP bpred_bimod.bpred_addr_rate bpred_bimod.bpred_dir_rate bpred_bimod.bpred_jr_rate bpred_bimod.bpred_jr_non_ras_rate.PP bpred_bimod.retstack_pushes bpred_bimod.retstack_pops bpred_bimod.used_ras.PP bpred_bimod.ras_hits.PP bpred_bimod.ras_rate.PP
4096 221.5302734375 48.34619140625 0.000244140625 907388.0000 43.173095703125 5.1312 43.173095703125 43.173095703125 36.367919921875 36.39404296875 6.779052734375 0.013427734375 0.013671875 0 0 0.8424 0.8430 0.9821 <error: 0.01416015625 0.013671875 0.013671875 0.013427734375 0.9821 
8192 240.509887695312 51.941650390625 0.0001220703125 1970257.0000 47.1280517578125 5.1033 47.1280517578125 47.1280517578125 39.8509521484375 39.864013671875 7.2640380859375 0.0067138671875 0.0068359375 0 0 0.8456 0.8459 0.9821 <error: 0.007080078125 0.0068359375 0.0068359375 0.0067138671875 0.9821 
16384 259.418701171875 55.6841430664062 6.103515625e-05 4250316.0000 51.0299682617188 5.0837 51.0299682617188 51.0299682617188 43.2613525390625 43.268310546875 7.76165771484375 0.00335693359375 0.00341796875 0 0 0.8478 0.8479 0.9821 <error: 0.0035400390625 0.00341796875 0.00341796875 0.00335693359375 0.9821 
32768 278.796264648438 59.5835266113281 3.0517578125e-05 9135596.0000 55.0205993652344 5.0671 55.0205993652344 55.0205993652344 46.7685546875 46.7718505859375 8.24874877929688 0.001678466796875 0.001708984375 0 0 0.8500 0.8501 0.9821 <error: 0.00177001953125 0.001708984375 0.001708984375 0.001678466796875 0.9821 
65536 298.232284545898 63.5330505371094 4.57763671875e-05 6514983.6667 59.0178375244141 5.0533 59.0178375244141 59.0178375244141 50.2525787353516 50.2542114257812 8.76362609863281 0.0008392333984375 0.0008544921875 0 0 0.8515 0.8515 0.9821 <error: 0.000885009765625 0.0008544921875 0.0008544921875 0.0008392333984375 0.9821 
131072 317.671813964844 67.5033798217773 4.57763671875e-05 6939646.6667 63.0080490112305 5.0418 63.0080490112305 63.0080490112305 53.7515182495117 53.7523574829102 9.25569152832031 0.00041961669921875 0.00042724609375 0 0 0.8531 0.8531 0.9821 <error: 0.0004425048828125 0.00042724609375 0.00042724609375 0.00041961669921875 0.9821 
262144 337.153121948242 71.4904403686523 4.1961669921875e-05 8034788.0000 67.006763458252 5.0316 67.006763458252 67.006763458252 57.2551574707031 57.2555885314941 9.75117492675781 0.000209808349609375 0.000213623046875 0 0 0.8545 0.8545 0.9821 <error: 0.00022125244140625 0.000213623046875 0.000213623046875 0.000209808349609375 0.9821 
524288 356.642242431641 75.4841709136963 4.57763671875e-05 7790968.6667 71.0050868988037 5.0228 71.0050868988037 71.0050868988037 60.7510242462158 60.7512283325195 10.2538585662842 0.000104904174804688 0.0001068115234375 0 0 0.8556 0.8556 0.9821 <error: 0.000110626220703125 0.0001068115234375 0.0001068115234375 0.000104904174804688 0.9821 
1048576 376.12487411499 79.4787740707397 4.86373901367188e-05 7733245.4118 75.0019903182983 5.0149 75.0019903182983 75.0019903182983 64.2515487670898 64.2516536712646 10.7503366470337 5.24520874023438e-05 5.340576171875e-05 0 0 0.8567 0.8567 0.9821 <error: 5.53131103515625e-05 5.340576171875e-05 5.340576171875e-05 5.24520874023438e-05 0.9821 
2097152 395.63115978241 83.4785284996033 5.10215759277344e-05 7754193.2523 79.0037569999695 5.0078 79.0037569999695 79.0037569999695 67.7513103485107 67.751362323761 11.2523946762085 2.62260437011719e-05 2.6702880859375e-05 0 0 0.8576 0.8576 0.9821 <error: 2.76565551757812e-05 2.6702880859375e-05 2.6702880859375e-05 2.62260437011719e-05 0.9821 
4194304 415.137232542038 87.4792141914368 5.57899475097656e-05 7441075.8761 83.0053999423981 5.0013 83.0053999423981 83.0053999423981 71.2530725002289 71.2530987262726 11.7523012161255 1.31130218505859e-05 1.33514404296875e-05 0 0 0.8584 0.8584 0.9821 <error: 1.38282775878906e-05 1.33514404296875e-05 1.33514404296875e-05 1.31130218505859e-05 0.9821 
