#set_size_in_keys sim_num_insn sim_num_refs sim_elapsed_time sim_inst_rate sim_num_branches sim_IPB bpred_2lev.lookups bpred_2lev.updates bpred_2lev.addr_hits bpred_2lev.dir_hits bpred_2lev.misses bpred_2lev.jr_hits bpred_2lev.jr_seen bpred_2lev.jr_non_ras_hits.PP bpred_2lev.jr_non_ras_seen.PP bpred_2lev.bpred_addr_rate bpred_2lev.bpred_dir_rate bpred_2lev.bpred_jr_rate bpred_2lev.bpred_jr_non_ras_rate.PP bpred_2lev.retstack_pushes bpred_2lev.retstack_pops bpred_2lev.used_ras.PP bpred_2lev.ras_hits.PP bpred_2lev.ras_rate.PP
4096 114.7080078125 30.536376953125 0.000244140625 469844.0000 18.73046875 6.1241 18.73046875 18.73046875 13.085693359375 13.115478515625 5.614990234375 0.12060546875 0.12060546875 0 0 0.6986 0.7002 1.0000 <error: 0.12109375 0.12060546875 0.12060546875 0.12060546875 1.0000 
8192 125.51171875 32.5897216796875 0.0001220703125 1028192.0000 20.6409912109375 6.0807 20.6409912109375 20.6409912109375 14.64453125 14.65771484375 5.9832763671875 0.1163330078125 0.1163330078125 0 0 0.7095 0.7101 1.0000 <error: 0.1165771484375 0.1163330078125 0.1163330078125 0.1163330078125 1.0000 
16384 133.111877441406 34.3187255859375 6.103515625e-05 2180905.0000 22.0948486328125 6.0246 22.0948486328125 22.0948486328125 15.7947998046875 15.8016357421875 6.293212890625 0.110595703125 0.110595703125 0 0 0.7149 0.7152 1.0000 <error: 0.1107177734375 0.110595703125 0.110595703125 0.110595703125 1.0000 
32768 143.474914550781 36.4635925292969 3.0517578125e-05 4701386.0000 23.9209594726562 5.9979 23.9209594726562 23.9209594726562 17.3014526367188 17.304931640625 6.61602783203125 0.110137939453125 0.110137939453125 0 0 0.7233 0.7234 1.0000 <error: 0.110198974609375 0.110137939453125 0.110137939453125 0.110137939453125 1.0000 
65536 153.65022277832 38.7734375 3.0517578125e-05 5034810.5000 25.7666625976562 5.9631 25.7666625976562 25.7666625976562 18.6239776611328 18.625732421875 7.14093017578125 0.1077880859375 0.1077880859375 0 0 0.7228 0.7229 1.0000 <error: 0.107818603515625 0.1077880859375 0.1077880859375 0.1077880859375 1.0000 
131072 159.424621582031 40.3572616577148 1.52587890625e-05 10448052.0000 26.8034210205078 5.9479 26.8034210205078 26.8034210205078 19.0889358520508 19.0898208618164 7.71360015869141 0.107414245605469 0.107414245605469 0 0 0.7122 0.7122 1.0000 <error: 0.107429504394531 0.107414245605469 0.107414245605469 0.107414245605469 1.0000 
262144 172.781478881836 43.0583076477051 2.288818359375e-05 7548938.0000 29.1449165344238 5.9284 29.1449165344238 29.1449165344238 21.2322311401367 21.2326583862305 7.91225814819336 0.107521057128906 0.107521057128906 0 0 0.7285 0.7285 1.0000 <error: 0.107528686523438 0.107521057128906 0.107521057128906 0.107521057128906 1.0000 
524288 180.516159057617 45.0041370391846 2.288818359375e-05 7886871.3333 30.5805320739746 5.9030 30.5805320739746 30.5805320739746 22.1116371154785 22.1118621826172 8.46866989135742 0.107288360595703 0.107288360595703 0 0 0.7231 0.7231 1.0000 <error: 0.107292175292969 0.107288360595703 0.107288360595703 0.107288360595703 1.0000 
1048576 192.078075408936 47.4461355209351 2.47955322265625e-05 7746479.2308 32.597996711731 5.8923 32.597996711731 32.597996711731 23.8181915283203 23.8182983398438 8.77969837188721 0.107253074645996 0.107253074645996 0 0 0.7307 0.7307 1.0000 <error: 0.107254981994629 0.107253074645996 0.107253074645996 0.107253074645996 1.0000 
2097152 198.833754062653 49.2029871940613 2.52723693847656e-05 7867634.0566 33.846700668335 5.8745 33.846700668335 33.846700668335 24.5643086433411 24.5643644332886 9.28233623504639 0.107028484344482 0.107028484344482 0 0 0.7258 0.7258 1.0000 <error: 0.107029438018799 0.107028484344482 0.107028484344482 0.107028484344482 1.0000 
4194304 206.432480812073 51.1220631599426 2.62260437011719e-05 7871278.0000 35.2453780174255 5.8570 35.2453780174255 35.2453780174255 25.4053263664246 25.4053537845612 9.84002423286438 0.107143878936768 0.107143878936768 0 0 0.7208 0.7208 1.0000 <error: 0.107144355773926 0.107143878936768 0.107143878936768 0.107143878936768 1.0000 
