#set_size_in_keys sim_num_insn sim_num_refs sim_elapsed_time sim_inst_rate sim_num_branches sim_IPB bpred_bimod.lookups bpred_bimod.updates bpred_bimod.addr_hits bpred_bimod.dir_hits bpred_bimod.misses bpred_bimod.jr_hits bpred_bimod.jr_seen bpred_bimod.jr_non_ras_hits.PP bpred_bimod.jr_non_ras_seen.PP bpred_bimod.bpred_addr_rate bpred_bimod.bpred_dir_rate bpred_bimod.bpred_jr_rate bpred_bimod.bpred_jr_non_ras_rate.PP bpred_bimod.retstack_pushes bpred_bimod.retstack_pops bpred_bimod.used_ras.PP bpred_bimod.ras_hits.PP bpred_bimod.ras_rate.PP
4096 114.7080078125 30.536376953125 0.000244140625 469844.0000 18.73046875 6.1241 18.73046875 18.73046875 13.322021484375 13.34912109375 5.38134765625 0.12060546875 0.12060546875 0 0 0.7112 0.7127 1.0000 <error: 0.12109375 0.12060546875 0.12060546875 0.12060546875 1.0000 
8192 125.51171875 32.5897216796875 0.0001220703125 1028192.0000 20.6409912109375 6.0807 20.6409912109375 20.6409912109375 14.87744140625 14.8905029296875 5.75048828125 0.1163330078125 0.1163330078125 0 0 0.7208 0.7214 1.0000 <error: 0.1165771484375 0.1163330078125 0.1163330078125 0.1163330078125 1.0000 
16384 133.111877441406 34.3187255859375 6.103515625e-05 2180905.0000 22.0948486328125 6.0246 22.0948486328125 22.0948486328125 15.9567260742188 15.96337890625 6.1314697265625 0.110595703125 0.110595703125 0 0 0.7222 0.7225 1.0000 <error: 0.1107177734375 0.110595703125 0.110595703125 0.110595703125 1.0000 
32768 143.474914550781 36.4635925292969 3.0517578125e-05 4701386.0000 23.9209594726562 5.9979 23.9209594726562 23.9209594726562 17.4794921875 17.4827880859375 6.43817138671875 0.110137939453125 0.110137939453125 0 0 0.7307 0.7309 1.0000 <error: 0.110198974609375 0.110137939453125 0.110137939453125 0.110137939453125 1.0000 
65536 153.65022277832 38.7734375 1.52587890625e-05 10069621.0000 25.7666625976562 5.9631 25.7666625976562 25.7666625976562 18.7625122070312 18.7641754150391 7.00248718261719 0.1077880859375 0.1077880859375 0 0 0.7282 0.7282 1.0000 <error: 0.107818603515625 0.1077880859375 0.1077880859375 0.1077880859375 1.0000 
131072 159.424621582031 40.3572616577148 2.288818359375e-05 6965368.0000 26.8034210205078 5.9479 26.8034210205078 26.8034210205078 19.2436447143555 19.2444839477539 7.55893707275391 0.107414245605469 0.107414245605469 0 0 0.7180 0.7180 1.0000 <error: 0.107429504394531 0.107414245605469 0.107414245605469 0.107414245605469 1.0000 
262144 172.781478881836 43.0583076477051 2.288818359375e-05 7548938.0000 29.1449165344238 5.9284 29.1449165344238 29.1449165344238 21.4377136230469 21.4381294250488 7.706787109375 0.107521057128906 0.107521057128906 0 0 0.7356 0.7356 1.0000 <error: 0.107528686523438 0.107521057128906 0.107521057128906 0.107521057128906 1.0000 
524288 180.516159057617 45.0041370391846 2.288818359375e-05 7886871.3333 30.5805320739746 5.9030 30.5805320739746 30.5805320739746 22.3034019470215 22.3036117553711 8.27692031860352 0.107288360595703 0.107288360595703 0 0 0.7293 0.7293 1.0000 <error: 0.107292175292969 0.107288360595703 0.107288360595703 0.107288360595703 1.0000 
1048576 192.078075408936 47.4461355209351 2.47955322265625e-05 7746479.2308 32.597996711731 5.8923 32.597996711731 32.597996711731 24.0456142425537 24.0457181930542 8.55227851867676 0.107253074645996 0.107253074645996 0 0 0.7376 0.7376 1.0000 <error: 0.107254981994629 0.107253074645996 0.107253074645996 0.107253074645996 1.0000 
2097152 198.833754062653 49.2029871940613 2.47955322265625e-05 8018934.7115 33.846700668335 5.8745 33.846700668335 33.846700668335 24.8264927864075 24.8265442848206 9.0201563835144 0.107028484344482 0.107028484344482 0 0 0.7335 0.7335 1.0000 <error: 0.107029438018799 0.107028484344482 0.107028484344482 0.107028484344482 1.0000 
4194304 206.432480812073 51.1220631599426 2.62260437011719e-05 7871278.0000 35.2453780174255 5.8570 35.2453780174255 35.2453780174255 25.6662337779999 25.6662600040436 9.57911801338196 0.107143878936768 0.107143878936768 0 0 0.7282 0.7282 1.0000 <error: 0.107144355773926 0.107143878936768 0.107143878936768 0.107143878936768 1.0000 
