#set_size_in_keys sim_num_insn sim_num_refs sim_elapsed_time sim_inst_rate sim_num_branches sim_IPB bpred_2lev.lookups bpred_2lev.updates bpred_2lev.addr_hits bpred_2lev.dir_hits bpred_2lev.misses bpred_2lev.jr_hits bpred_2lev.jr_seen bpred_2lev.jr_non_ras_hits.PP bpred_2lev.jr_non_ras_seen.PP bpred_2lev.bpred_addr_rate bpred_2lev.bpred_dir_rate bpred_2lev.bpred_jr_rate bpred_2lev.bpred_jr_non_ras_rate.PP bpred_2lev.retstack_pushes bpred_2lev.retstack_pops bpred_2lev.used_ras.PP bpred_2lev.ras_hits.PP bpred_2lev.ras_rate.PP
4096 113.750244140625 29.92529296875 0.000244140625 465921.0000 18.762939453125 6.0625 18.762939453125 18.762939453125 12.423583984375 12.452392578125 6.310546875 0.120849609375 0.120849609375 0 0 0.6621 0.6637 1.0000 <error: 0.121337890625 0.120849609375 0.120849609375 0.120849609375 1.0000 
8192 124.469360351562 31.947998046875 0.0001220703125 1019653.0000 20.671142578125 6.0214 20.671142578125 20.671142578125 13.89208984375 13.906982421875 6.76416015625 0.116455078125 0.116455078125 0 0 0.6721 0.6728 1.0000 <error: 0.11669921875 0.116455078125 0.116455078125 0.116455078125 1.0000 
16384 132.080688476562 33.6801147460938 6.103515625e-05 2164010.0000 22.1217041015625 5.9706 22.1217041015625 22.1217041015625 14.9627075195312 14.9694213867188 7.15228271484375 0.11065673828125 0.11065673828125 0 0 0.6764 0.6767 1.0000 <error: 0.11077880859375 0.11065673828125 0.11065673828125 0.11065673828125 1.0000 
32768 142.413818359375 35.8150024414062 3.0517578125e-05 4666616.0000 23.9466247558594 5.9471 23.9466247558594 23.9466247558594 16.4225769042969 16.4261169433594 7.5205078125 0.11016845703125 0.11016845703125 0 0 0.6858 0.6859 1.0000 <error: 0.1102294921875 0.11016845703125 0.11016845703125 0.11016845703125 1.0000 
65536 152.617279052734 38.1328887939453 1.52587890625e-05 10001926.0000 25.7924957275391 5.9171 25.7924957275391 25.7924957275391 17.6912231445312 17.6931304931641 8.099365234375 0.107803344726562 0.107803344726562 0 0 0.6859 0.6860 1.0000 <error: 0.107833862304688 0.107803344726562 0.107803344726562 0.107803344726562 1.0000 
131072 158.389350891113 39.7159423828125 2.288818359375e-05 6920136.3333 26.8293762207031 5.9036 26.8293762207031 26.8293762207031 18.168571472168 18.1695022583008 8.65987396240234 0.107421875 0.107421875 0 0 0.6772 0.6772 1.0000 <error: 0.107437133789062 0.107421875 0.107421875 0.107421875 1.0000 
262144 171.741680145264 42.4147567749023 1.9073486328125e-05 9004210.2000 29.1704864501953 5.8875 29.1704864501953 29.1704864501953 20.2706871032715 20.2711601257324 8.89932632446289 0.107524871826172 0.107524871826172 0 0 0.6949 0.6949 1.0000 <error: 0.107532501220703 0.107524871826172 0.107524871826172 0.107524871826172 1.0000 
524288 179.478420257568 44.3612060546875 2.288818359375e-05 7841531.8333 30.6060562133789 5.8641 30.6060562133789 30.6060562133789 21.1091041564941 21.1093330383301 9.49672317504883 0.107290267944336 0.107290267944336 0 0 0.6897 0.6897 1.0000 <error: 0.107294082641602 0.107290267944336 0.107290267944336 0.107290267944336 1.0000 
1048576 191.03945350647 46.8030128479004 2.47955322265625e-05 7704591.7692 32.6235494613647 5.8559 32.6235494613647 32.6235494613647 22.8151235580444 22.8152360916138 9.80831336975098 0.107254028320312 0.107254028320312 0 0 0.6993 0.6993 1.0000 <error: 0.107255935668945 0.107254028320312 0.107254028320312 0.107254028320312 1.0000 
2097152 290.054092884064 67.878707408905 3.86238098144531e-05 7509722.4815 52.2616596221924 5.5500 52.2616596221924 52.2616596221924 41.4635181427002 41.4636015892029 10.7980580329895 0.115317821502686 0.115318298339844 0 4.76837158203125e-07 0.7934 0.7934 1.0000 0.0000 0.115318775177002 0.115317821502686 0.115317821502686 0.115317821502686 1.0000 
4194304 337.634333848953 77.6275675296783 4.57763671875e-05 7375734.5677 64.8043780326843 5.2101 64.8043780326843 64.8043780326843 54.5928997993469 54.5929424762726 10.2114355564117 0.107814788818359 0.107815027236938 0 2.38418579101562e-07 0.8424 0.8424 1.0000 0.0000 0.107815265655518 0.107814788818359 0.107814788818359 0.107814788818359 1.0000 
