#set_size_in_keys sim_num_insn sim_num_refs sim_elapsed_time sim_inst_rate sim_num_branches sim_IPB bpred_2lev.lookups bpred_2lev.updates bpred_2lev.addr_hits bpred_2lev.dir_hits bpred_2lev.misses bpred_2lev.jr_hits bpred_2lev.jr_seen bpred_2lev.jr_non_ras_hits.PP bpred_2lev.jr_non_ras_seen.PP bpred_2lev.bpred_addr_rate bpred_2lev.bpred_dir_rate bpred_2lev.bpred_jr_rate bpred_2lev.bpred_jr_non_ras_rate.PP bpred_2lev.retstack_pushes bpred_2lev.retstack_pops bpred_2lev.used_ras.PP bpred_2lev.ras_hits.PP bpred_2lev.ras_rate.PP
4096 113.750244140625 29.92529296875 0.000244140625 465921.0000 18.762939453125 6.0625 18.762939453125 18.762939453125 12.362548828125 12.391357421875 6.37158203125 0.120849609375 0.120849609375 0 0 0.6589 0.6604 1.0000 <error: 0.121337890625 0.120849609375 0.120849609375 0.120849609375 1.0000 
8192 124.469360351562 31.947998046875 0.0001220703125 1019653.0000 20.671142578125 6.0214 20.671142578125 20.671142578125 13.858154296875 13.8731689453125 6.7979736328125 0.116455078125 0.116455078125 0 0 0.6704 0.6711 1.0000 <error: 0.11669921875 0.116455078125 0.116455078125 0.116455078125 1.0000 
16384 132.080688476562 33.6801147460938 6.103515625e-05 2164010.0000 22.1217041015625 5.9706 22.1217041015625 22.1217041015625 14.9169311523438 14.9236450195312 7.19805908203125 0.11065673828125 0.11065673828125 0 0 0.6743 0.6746 1.0000 <error: 0.11077880859375 0.11065673828125 0.11065673828125 0.11065673828125 1.0000 
32768 142.413818359375 35.8150024414062 3.0517578125e-05 4666616.0000 23.9466247558594 5.9471 23.9466247558594 23.9466247558594 16.3750610351562 16.3785095214844 7.568115234375 0.11016845703125 0.11016845703125 0 0 0.6838 0.6840 1.0000 <error: 0.1102294921875 0.11016845703125 0.11016845703125 0.11016845703125 1.0000 
65536 152.617279052734 38.1328887939453 1.52587890625e-05 10001926.0000 25.7924957275391 5.9171 25.7924957275391 25.7924957275391 17.6487731933594 17.6505737304688 8.14192199707031 0.107803344726562 0.107803344726562 0 0 0.6843 0.6843 1.0000 <error: 0.107833862304688 0.107803344726562 0.107803344726562 0.107803344726562 1.0000 
131072 158.389350891113 39.7159423828125 1.52587890625e-05 10380204.5000 26.8293762207031 5.9036 26.8293762207031 26.8293762207031 18.1131744384766 18.1140518188477 8.71532440185547 0.107421875 0.107421875 0 0 0.6751 0.6752 1.0000 <error: 0.107437133789062 0.107421875 0.107421875 0.107421875 1.0000 
262144 171.741680145264 42.4147567749023 2.288818359375e-05 7503508.5000 29.1704864501953 5.8875 29.1704864501953 29.1704864501953 20.2200317382812 20.2205009460449 8.94998550415039 0.107524871826172 0.107524871826172 0 0 0.6932 0.6932 1.0000 <error: 0.107532501220703 0.107524871826172 0.107524871826172 0.107524871826172 1.0000 
524288 179.478420257568 44.3612060546875 2.288818359375e-05 7841531.8333 30.6060562133789 5.8641 30.6060562133789 30.6060562133789 21.0565643310547 21.0567951202393 9.54926109313965 0.107290267944336 0.107290267944336 0 0 0.6880 0.6880 1.0000 <error: 0.107294082641602 0.107290267944336 0.107290267944336 0.107290267944336 1.0000 
1048576 191.03945350647 46.8030128479004 2.38418579101562e-05 8012775.4400 32.6235494613647 5.8559 32.6235494613647 32.6235494613647 22.7555904388428 22.7557001113892 9.86784934997559 0.107254028320312 0.107254028320312 0 0 0.6975 0.6975 1.0000 <error: 0.107255935668945 0.107254028320312 0.107254028320312 0.107254028320312 1.0000 
2097152 290.054092884064 67.878707408905 3.86238098144531e-05 7509722.4815 52.2616596221924 5.5500 52.2616596221924 52.2616596221924 41.401113986969 41.4011950492859 10.8604645729065 0.115317821502686 0.115318298339844 0 4.76837158203125e-07 0.7922 0.7922 1.0000 0.0000 0.115318775177002 0.115317821502686 0.115317821502686 0.115317821502686 1.0000 
4194304 337.634333848953 77.6275675296783 4.57763671875e-05 7375734.5677 64.8043780326843 5.2101 64.8043780326843 64.8043780326843 54.5336358547211 54.5336785316467 10.2706995010376 0.107814788818359 0.107815027236938 0 2.38418579101562e-07 0.8415 0.8415 1.0000 0.0000 0.107815265655518 0.107814788818359 0.107814788818359 0.107814788818359 1.0000 
