#set_size_in_keys sim_num_insn sim_num_refs sim_elapsed_time sim_inst_rate sim_num_branches sim_IPB bpred_bimod.lookups bpred_bimod.updates bpred_bimod.addr_hits bpred_bimod.dir_hits bpred_bimod.misses bpred_bimod.jr_hits bpred_bimod.jr_seen bpred_bimod.jr_non_ras_hits.PP bpred_bimod.jr_non_ras_seen.PP bpred_bimod.bpred_addr_rate bpred_bimod.bpred_dir_rate bpred_bimod.bpred_jr_rate bpred_bimod.bpred_jr_non_ras_rate.PP bpred_bimod.retstack_pushes bpred_bimod.retstack_pops bpred_bimod.used_ras.PP bpred_bimod.ras_hits.PP bpred_bimod.ras_rate.PP
4096 210.087158203125 55.922607421875 0.000244140625 860517.0000 27.58203125 7.6168 27.58203125 27.58203125 21.305419921875 21.341064453125 6.240966796875 0.018798828125 0.01904296875 0 0 0.7724 0.7737 0.9872 <error: 0.01953125 0.01904296875 0.01904296875 0.018798828125 0.9872 
8192 213.834106445312 57.6353759765625 0.0001220703125 1751729.0000 28.793212890625 7.4265 28.793212890625 28.793212890625 22.4752197265625 22.493896484375 6.29931640625 0.0103759765625 0.010498046875 0 0 0.7806 0.7812 0.9884 <error: 0.0107421875 0.010498046875 0.010498046875 0.0103759765625 0.9884 
16384 241.726379394531 64.1951904296875 6.103515625e-05 3960445.0000 31.43212890625 7.6904 31.43212890625 31.43212890625 24.2174072265625 24.226318359375 7.205810546875 0.00616455078125 0.0062255859375 0 0 0.7705 0.7708 0.9902 <error: 0.00634765625 0.0062255859375 0.0062255859375 0.00616455078125 0.9902 
32768 246.029052734375 66.2407531738281 3.0517578125e-05 8061880.0000 32.6929931640625 7.5254 32.6929931640625 32.6929931640625 25.3937377929688 25.3983764648438 7.29461669921875 0.004058837890625 0.00408935546875 0 0 0.7767 0.7769 0.9925 <error: 0.004150390625 0.00408935546875 0.00408935546875 0.004058837890625 0.9925 
65536 274.459533691406 73.0252380371094 3.0517578125e-05 8993490.0000 35.4083099365234 7.7513 35.4083099365234 35.4083099365234 27.2095794677734 27.2118377685547 8.19647216796875 0.0030059814453125 0.003021240234375 0 0 0.7685 0.7685 0.9949 <error: 0.0030517578125 0.003021240234375 0.003021240234375 0.0030059814453125 0.9949 
131072 278.941856384277 75.1707382202148 3.0517578125e-05 9140366.7500 36.7029800415039 7.6000 36.7029800415039 36.7029800415039 28.4214248657227 28.4225845336914 8.2803955078125 0.00247955322265625 0.0024871826171875 0 0 0.7744 0.7744 0.9969 <error: 0.00250244140625 0.0024871826171875 0.0024871826171875 0.00247955322265625 0.9969 
262144 307.314178466797 81.9631881713867 3.4332275390625e-05 8951174.2222 39.3930778503418 7.8012 39.3930778503418 39.3930778503418 30.193359375 30.1939125061035 9.19916534423828 0.00221633911132812 0.00222015380859375 0 0 0.7665 0.7665 0.9983 <error: 0.002227783203125 0.00222015380859375 0.00222015380859375 0.00221633911132812 0.9983 
524288 321.194887161255 87.1682682037354 3.62396240234375e-05 8863085.5263 41.8346824645996 7.6777 41.8346824645996 41.8346824645996 32.549711227417 32.5500354766846 9.28464698791504 0.00209426879882812 0.00209617614746094 0 1.9073486328125e-06 0.7781 0.7781 0.9991 0.0000 0.00209808349609375 0.00209426879882812 0.00209426879882812 0.00209426879882812 1.0000 
1048576 349.545023918152 93.9556856155396 3.91006469726562e-05 8939622.5122 44.5196771621704 7.8515 44.5196771621704 44.5196771621704 34.3169498443604 34.3171119689941 10.2025651931763 0.00202560424804688 0.00202655792236328 0 9.5367431640625e-07 0.7708 0.7708 0.9995 0.0000 0.00202751159667969 0.00202560424804688 0.00202560424804688 0.00202560424804688 1.0000 
2097152 354.266427516937 96.1691470146179 3.95774841308594e-05 8951211.4096 45.8522090911865 7.7263 45.8522090911865 45.8522090911865 35.5707545280457 35.5708365440369 10.2813725471497 0.00199127197265625 0.00199174880981445 0 4.76837158203125e-07 0.7758 0.7758 0.9998 0.0000 0.00199222564697266 0.00199127197265625 0.00199127197265625 0.00199127197265625 1.0000 
4194304 382.606046199799 102.961532354355 4.26769256591797e-05 8965173.5754 48.5344393253326 7.8832 48.5344393253326 48.5344393253326 37.3354024887085 37.3354432582855 11.1989960670471 0.00197410583496094 0.00197434425354004 0 2.38418579101562e-07 0.7693 0.7693 0.9999 0.0000 0.00197458267211914 0.00197410583496094 0.00197410583496094 0.00197410583496094 1.0000 
