#set_size_in_keys sim_num_insn sim_num_refs sim_elapsed_time sim_inst_rate sim_num_branches sim_IPB bpred_2lev.lookups bpred_2lev.updates bpred_2lev.addr_hits bpred_2lev.dir_hits bpred_2lev.misses bpred_2lev.jr_hits bpred_2lev.jr_seen bpred_2lev.jr_non_ras_hits.PP bpred_2lev.jr_non_ras_seen.PP bpred_2lev.bpred_addr_rate bpred_2lev.bpred_dir_rate bpred_2lev.bpred_jr_rate bpred_2lev.bpred_jr_non_ras_rate.PP bpred_2lev.retstack_pushes bpred_2lev.retstack_pops bpred_2lev.used_ras.PP bpred_2lev.ras_hits.PP bpred_2lev.ras_rate.PP
4096 243.749267578125 71.99560546875 0.000244140625 998397.0000 35.131591796875 6.9382 35.131591796875 35.131591796875 28.8935546875 28.931884765625 6.19970703125 2.092529296875 2.0927734375 0 0 0.8224 0.8235 0.9999 <error: 2.09326171875 2.0927734375 2.0927734375 2.092529296875 0.9999 
8192 246.568237304688 73.2662353515625 0.0001220703125 2019887.0000 36.1563720703125 6.8195 36.1563720703125 36.1563720703125 29.5938720703125 29.6141357421875 6.542236328125 2.0467529296875 2.046875 0 0 0.8185 0.8191 0.9999 <error: 2.047119140625 2.046875 2.046875 2.0467529296875 0.9999 
16384 273.778076171875 79.5514526367188 6.103515625e-05 4485580.0000 38.6549072265625 7.0826 38.6549072265625 38.6549072265625 31.516357421875 31.5259399414062 7.12896728515625 2.02386474609375 2.02392578125 0 0 0.8153 0.8156 1.0000 <error: 2.0240478515625 2.02392578125 2.02392578125 2.02386474609375 1.0000 
32768 277.867797851562 81.496826171875 6.103515625e-05 4552586.0000 39.8857727050781 6.9666 39.8857727050781 39.8857727050781 32.3761901855469 32.3811950683594 7.50457763671875 2.01242065429688 2.012451171875 0 0 0.8117 0.8118 1.0000 <error: 2.01251220703125 2.012451171875 2.012451171875 2.01242065429688 1.0000 
65536 306.00846862793 88.1803131103516 6.103515625e-05 5013642.7500 42.5328063964844 7.1946 42.5328063964844 42.5328063964844 34.3648681640625 34.3674011230469 8.1654052734375 2.00669860839844 2.0067138671875 0 0 0.8080 0.8080 1.0000 <error: 2.00674438476562 2.0067138671875 2.0067138671875 2.00669860839844 1.0000 
131072 310.756202697754 90.3663787841797 6.866455078125e-05 4525715.2222 43.8651275634766 7.0844 43.8651275634766 43.8651275634766 35.3439865112305 35.3452682495117 8.51985931396484 2.00383758544922 2.00384521484375 0 0 0.8057 0.8058 1.0000 <error: 2.00386047363281 2.00384521484375 2.00384521484375 2.00383758544922 1.0000 
262144 327.153285980225 94.8260116577148 7.2479248046875e-05 4513751.1053 45.8510971069336 7.1351 45.8510971069336 45.8510971069336 36.8162689208984 36.8169136047363 9.03418350219727 2.00240707397461 2.00241088867188 0 0 0.8030 0.8030 1.0000 <error: 2.00241851806641 2.00241088867188 2.00241088867188 2.00240707397461 1.0000 
524288 456.86544418335 129.395671844482 0.000101089477539062 4519416.4151 65.708101272583 6.9530 65.708101272583 65.708101272583 54.5113296508789 54.5118141174316 11.1962871551514 3.00174903869629 3.00175094604492 0 1.9073486328125e-06 0.8296 0.8296 1.0000 0.0000 3.00175285339355 3.00174903869629 3.00174903869629 3.00174903869629 1.0000 
1048576 481.971478462219 137.274000167847 0.0001068115234375 4512354.6875 70.6977767944336 6.8173 70.6977767944336 70.6977767944336 59.2225484848022 59.2227945327759 11.4749822616577 3.00136470794678 3.00136566162109 0 9.5367431640625e-07 0.8377 0.8377 1.0000 0.0000 3.00136661529541 3.00136470794678 3.00136470794678 3.00136470794678 1.0000 
2097152 524.493473529816 148.165477275848 5.81741333007812e-05 9015922.4344 75.9239163398743 6.9081 75.9239163398743 75.9239163398743 63.2741680145264 63.2742919921875 12.6496243476868 3.00117254257202 3.00117301940918 0 4.76837158203125e-07 0.8334 0.8334 1.0000 0.0000 3.00117349624634 3.00117254257202 3.00117254257202 3.00117254257202 1.0000 
4194304 551.951105356216 157.206234931946 6.15119934082031e-05 8973064.8411 81.1137976646423 6.8047 81.1137976646423 81.1137976646423 67.4477002620697 67.4477636814117 13.6660339832306 3.00107645988464 3.00107669830322 0 2.38418579101562e-07 0.8315 0.8315 1.0000 0.0000 3.0010769367218 3.00107645988464 3.00107645988464 3.00107645988464 1.0000 
