#set_size_in_keys sim_num_insn sim_num_refs sim_elapsed_time sim_inst_rate sim_num_branches sim_IPB bpred_2lev.lookups bpred_2lev.updates bpred_2lev.addr_hits bpred_2lev.dir_hits bpred_2lev.misses bpred_2lev.jr_hits bpred_2lev.jr_seen bpred_2lev.jr_non_ras_hits.PP bpred_2lev.jr_non_ras_seen.PP bpred_2lev.bpred_addr_rate bpred_2lev.bpred_dir_rate bpred_2lev.bpred_jr_rate bpred_2lev.bpred_jr_non_ras_rate.PP bpred_2lev.retstack_pushes bpred_2lev.retstack_pops bpred_2lev.used_ras.PP bpred_2lev.ras_hits.PP bpred_2lev.ras_rate.PP
4096 243.749267578125 71.99560546875 0.000244140625 998397.0000 35.131591796875 6.9382 35.131591796875 35.131591796875 28.612548828125 28.652099609375 6.4794921875 2.092529296875 2.0927734375 0 0 0.8144 0.8156 0.9999 <error: 2.09326171875 2.0927734375 2.0927734375 2.092529296875 0.9999 
8192 246.568237304688 73.2662353515625 0.0001220703125 2019887.0000 36.1563720703125 6.8195 36.1563720703125 36.1563720703125 29.156005859375 29.17578125 6.9805908203125 2.0467529296875 2.046875 0 0 0.8064 0.8069 0.9999 <error: 2.047119140625 2.046875 2.046875 2.0467529296875 0.9999 
16384 273.778076171875 79.5514526367188 6.103515625e-05 4485580.0000 38.6549072265625 7.0826 38.6549072265625 38.6549072265625 31.1865234375 31.1965942382812 7.45831298828125 2.02386474609375 2.02392578125 0 0 0.8068 0.8071 1.0000 <error: 2.0240478515625 2.02392578125 2.02392578125 2.02386474609375 1.0000 
32768 277.867797851562 81.496826171875 6.103515625e-05 4552586.0000 39.8857727050781 6.9666 39.8857727050781 39.8857727050781 31.8797912597656 31.8846130371094 8.00115966796875 2.01242065429688 2.012451171875 0 0 0.7993 0.7994 1.0000 <error: 2.01251220703125 2.012451171875 2.012451171875 2.01242065429688 1.0000 
65536 306.00846862793 88.1803131103516 7.62939453125e-05 4010914.2000 42.5328063964844 7.1946 42.5328063964844 42.5328063964844 34.0233306884766 34.0258941650391 8.50691223144531 2.00669860839844 2.0067138671875 0 0 0.7999 0.8000 1.0000 <error: 2.00674438476562 2.0067138671875 2.0067138671875 2.00669860839844 1.0000 
131072 310.756202697754 90.3663787841797 6.103515625e-05 5091429.6250 43.8651275634766 7.0844 43.8651275634766 43.8651275634766 34.8262634277344 34.827522277832 9.03760528564453 2.00383758544922 2.00384521484375 0 0 0.7939 0.7940 1.0000 <error: 2.00386047363281 2.00384521484375 2.00384521484375 2.00383758544922 1.0000 
262144 327.153285980225 94.8260116577148 7.2479248046875e-05 4513751.1053 45.8510971069336 7.1351 45.8510971069336 45.8510971069336 36.2919387817383 36.2925796508789 9.55851745605469 2.00240707397461 2.00241088867188 0 0 0.7915 0.7915 1.0000 <error: 2.00241851806641 2.00241088867188 2.00241088867188 2.00240707397461 1.0000 
524288 456.86544418335 129.395671844482 0.000102996826171875 4435723.5185 65.708101272583 6.9530 65.708101272583 65.708101272583 53.7227382659912 53.7232360839844 11.9848651885986 3.00174903869629 3.00175094604492 0 1.9073486328125e-06 0.8176 0.8176 1.0000 0.0000 3.00175285339355 3.00174903869629 3.00174903869629 3.00174903869629 1.0000 
1048576 481.971478462219 137.274000167847 0.000107765197753906 4472422.3451 70.6977767944336 6.8173 70.6977767944336 70.6977767944336 58.0699481964111 58.070200920105 12.6275758743286 3.00136470794678 3.00136566162109 0 9.5367431640625e-07 0.8214 0.8214 1.0000 0.0000 3.00136661529541 3.00136470794678 3.00136470794678 3.00136470794678 1.0000 
2097152 524.493473529816 148.165477275848 5.81741333007812e-05 9015922.4344 75.9239163398743 6.9081 75.9239163398743 75.9239163398743 61.9258379936218 61.9259691238403 13.9979472160339 3.00117254257202 3.00117301940918 0 4.76837158203125e-07 0.8156 0.8156 1.0000 0.0000 3.00117349624634 3.00117254257202 3.00117254257202 3.00117254257202 1.0000 
4194304 551.951105356216 157.206234931946 6.15119934082031e-05 8973064.8411 81.1137976646423 6.8047 81.1137976646423 81.1137976646423 65.5978994369507 65.5979633331299 15.5158343315125 3.00107645988464 3.00107669830322 0 2.38418579101562e-07 0.8087 0.8087 1.0000 0.0000 3.0010769367218 3.00107645988464 3.00107645988464 3.00107645988464 1.0000 
