#set_size_in_keys sim_num_insn sim_num_refs sim_elapsed_time sim_inst_rate sim_num_branches sim_IPB bpred_2lev.lookups bpred_2lev.updates bpred_2lev.addr_hits bpred_2lev.dir_hits bpred_2lev.misses bpred_2lev.jr_hits bpred_2lev.jr_seen bpred_2lev.jr_non_ras_hits.PP bpred_2lev.jr_non_ras_seen.PP bpred_2lev.bpred_addr_rate bpred_2lev.bpred_dir_rate bpred_2lev.bpred_jr_rate bpred_2lev.bpred_jr_non_ras_rate.PP bpred_2lev.retstack_pushes bpred_2lev.retstack_pops bpred_2lev.used_ras.PP bpred_2lev.ras_hits.PP bpred_2lev.ras_rate.PP
4096 210.08935546875 55.9228515625 0.000244140625 860526.0000 27.582275390625 7.6168 27.582275390625 27.582275390625 20.859375 20.897216796875 6.68505859375 0.018798828125 0.01904296875 0 0 0.7563 0.7576 0.9872 <error: 0.01953125 0.01904296875 0.01904296875 0.018798828125 0.9872 
8192 213.835205078125 57.635498046875 0.0001220703125 1751738.0000 28.7933349609375 7.4266 28.7933349609375 28.7933349609375 21.522705078125 21.5419921875 7.2513427734375 0.0103759765625 0.010498046875 0 0 0.7475 0.7482 0.9884 <error: 0.0107421875 0.010498046875 0.010498046875 0.0103759765625 0.9884 
16384 241.726928710938 64.1952514648438 6.103515625e-05 3960454.0000 31.4321899414062 7.6904 31.4321899414062 31.4321899414062 23.697509765625 23.70751953125 7.72467041015625 0.00616455078125 0.0062255859375 0 0 0.7539 0.7542 0.9902 <error: 0.00634765625 0.0062255859375 0.0062255859375 0.00616455078125 0.9902 
32768 246.029327392578 66.2407836914062 3.0517578125e-05 8061889.0000 32.6930236816406 7.5254 32.6930236816406 32.6930236816406 24.3659057617188 24.3706359863281 8.3223876953125 0.004058837890625 0.00408935546875 0 0 0.7453 0.7454 0.9925 <error: 0.004150390625 0.00408935546875 0.00408935546875 0.004058837890625 0.9925 
65536 274.459671020508 73.0252532958984 4.57763671875e-05 5995663.0000 35.4083251953125 7.7513 35.4083251953125 35.4083251953125 26.5975646972656 26.6000671386719 8.80825805664062 0.0030059814453125 0.003021240234375 0 0 0.7512 0.7512 0.9949 <error: 0.0030517578125 0.003021240234375 0.003021240234375 0.0030059814453125 0.9949 
131072 278.941925048828 75.1707458496094 3.0517578125e-05 9140369.0000 36.7029876708984 7.6000 36.7029876708984 36.7029876708984 27.2707595825195 27.27197265625 9.43101501464844 0.00247955322265625 0.0024871826171875 0 0 0.7430 0.7430 0.9969 <error: 0.00250244140625 0.0024871826171875 0.0024871826171875 0.00247955322265625 0.9969 
262144 295.448440551758 79.6613960266113 3.0517578125e-05 9681254.5000 38.707878112793 7.6328 38.707878112793 38.707878112793 28.7214584350586 28.7220611572266 9.98581695556641 0.00221633911132812 0.00222015380859375 0 0 0.7420 0.7420 0.9983 <error: 0.002227783203125 0.00222015380859375 0.00222015380859375 0.00221633911132812 0.9983 
524288 426.007177352905 116.222375869751 4.9591064453125e-05 8590401.9615 58.5022659301758 7.2819 58.5022659301758 58.5022659301758 46.5641536712646 46.5646305084229 11.9376354217529 1.00214195251465 1.00214385986328 0 1.9073486328125e-06 0.7959 0.7959 1.0000 0.0000 1.00214576721191 1.00214195251465 1.00214195251465 1.00214195251465 1.0000 
1048576 451.238023757935 124.11842918396 5.24520874023438e-05 8602861.1273 64.0605430603027 7.0439 64.0605430603027 64.0605430603027 51.4938182830811 51.494065284729 12.5664777755737 1.00204944610596 1.00205039978027 0 9.5367431640625e-07 0.8038 0.8038 1.0000 0.0000 1.00205135345459 1.00204944610596 1.00204944610596 1.00204944610596 1.0000 
2097152 493.870913028717 135.035810470581 5.76972961425781e-05 8559689.0331 69.6020884513855 7.0956 69.6020884513855 69.6020884513855 55.6977052688599 55.6978302001953 13.9042582511902 1.00200319290161 1.00200366973877 0 4.76837158203125e-07 0.8002 0.8002 1.0000 0.0000 1.00200414657593 1.00200319290161 1.00200319290161 1.00200319290161 1.0000 
4194304 521.372492551804 144.085592985153 6.15119934082031e-05 8475948.5698 75.0000591278076 6.9516 75.0000591278076 75.0000591278076 59.4332568645477 59.4333188533783 15.5667402744293 1.00198006629944 1.00198030471802 0 2.38418579101562e-07 0.7924 0.7924 1.0000 0.0000 1.0019805431366 1.00198006629944 1.00198006629944 1.00198006629944 1.0000 
