#set_size_in_keys sim_num_insn sim_num_refs sim_elapsed_time sim_inst_rate sim_num_branches sim_IPB bpred_2lev.lookups bpred_2lev.updates bpred_2lev.addr_hits bpred_2lev.dir_hits bpred_2lev.misses bpred_2lev.jr_hits bpred_2lev.jr_seen bpred_2lev.jr_non_ras_hits.PP bpred_2lev.jr_non_ras_seen.PP bpred_2lev.bpred_addr_rate bpred_2lev.bpred_dir_rate bpred_2lev.bpred_jr_rate bpred_2lev.bpred_jr_non_ras_rate.PP bpred_2lev.retstack_pushes bpred_2lev.retstack_pops bpred_2lev.used_ras.PP bpred_2lev.ras_hits.PP bpred_2lev.ras_rate.PP
4096 210.08935546875 55.92333984375 0.000244140625 860526.0000 27.58349609375 7.6165 27.58349609375 27.58349609375 21.333740234375 21.3720703125 6.21142578125 0.018798828125 0.01904296875 0 0 0.7734 0.7748 0.9872 <error: 0.01953125 0.01904296875 0.01904296875 0.018798828125 0.9872 
8192 213.835205078125 57.6357421875 0.0001220703125 1751738.0000 28.7939453125 7.4264 28.7939453125 28.7939453125 22.1915283203125 22.2108154296875 6.5831298828125 0.0103759765625 0.010498046875 0 0 0.7707 0.7714 0.9884 <error: 0.0107421875 0.010498046875 0.010498046875 0.0103759765625 0.9884 
16384 241.726928710938 64.1953735351562 6.103515625e-05 3960454.0000 31.4324951171875 7.6904 31.4324951171875 31.4324951171875 24.303955078125 24.3135986328125 7.118896484375 0.00616455078125 0.0062255859375 0 0 0.7732 0.7735 0.9902 <error: 0.00634765625 0.0062255859375 0.0062255859375 0.00616455078125 0.9902 
32768 246.029327392578 66.2408447265625 3.0517578125e-05 8061889.0000 32.6931762695312 7.5254 32.6931762695312 32.6931762695312 25.1791076660156 25.1840209960938 7.5091552734375 0.004058837890625 0.00408935546875 0 0 0.7702 0.7703 0.9925 <error: 0.004150390625 0.00408935546875 0.00408935546875 0.004058837890625 0.9925 
65536 274.459671020508 73.0252838134766 4.57763671875e-05 5995663.0000 35.4084014892578 7.7513 35.4084014892578 35.4084014892578 27.3120727539062 27.3145599365234 8.09384155273438 0.0030059814453125 0.003021240234375 0 0 0.7713 0.7714 0.9949 <error: 0.0030517578125 0.003021240234375 0.003021240234375 0.0030059814453125 0.9949 
131072 278.941925048828 75.1707611083984 3.814697265625e-05 7312295.2000 36.7030258178711 7.6000 36.7030258178711 36.7030258178711 28.2012710571289 28.2024917602539 8.50053405761719 0.00247955322265625 0.0024871826171875 0 0 0.7684 0.7684 0.9969 <error: 0.00250244140625 0.0024871826171875 0.0024871826171875 0.00247955322265625 0.9969 
262144 295.448440551758 79.6614036560059 3.4332275390625e-05 8605559.5556 38.7078971862793 7.6328 38.7078971862793 38.7078971862793 29.7078018188477 29.7084312438965 8.99946594238281 0.00221633911132812 0.00222015380859375 0 0 0.7675 0.7675 0.9983 <error: 0.002227783203125 0.00222015380859375 0.00222015380859375 0.00221633911132812 0.9983 
524288 426.007179260254 116.2223777771 5.91278076171875e-05 7204853.2903 58.5022754669189 7.2819 58.5022754669189 58.5022754669189 47.2419738769531 47.2424507141113 11.2598247528076 1.00214195251465 1.00214385986328 0 1.9073486328125e-06 0.8075 0.8075 1.0000 0.0000 1.00214576721191 1.00214195251465 1.00214195251465 1.00214195251465 1.0000 
1048576 451.238024711609 124.118430137634 0.000490188598632812 920539.6167 64.0605478286743 7.0439 64.0605478286743 64.0605478286743 52.4792928695679 52.4795370101929 11.5810108184814 1.00204944610596 1.00205039978027 0 9.5367431640625e-07 0.8192 0.8192 1.0000 0.0000 1.00205135345459 1.00204944610596 1.00204944610596 1.00204944610596 1.0000 
2097152 493.870913505554 135.035810947418 0.0005340576171875 924752.1196 69.6020908355713 7.0956 69.6020908355713 69.6020908355713 56.7717332839966 56.7718567848206 12.8302340507507 1.00200319290161 1.00200366973877 0 4.76837158203125e-07 0.8157 0.8157 1.0000 0.0000 1.00200414657593 1.00200319290161 1.00200319290161 1.00200319290161 1.0000 
4194304 521.372492790222 144.085593223572 6.15119934082031e-05 8475948.5736 75.0000603199005 6.9516 75.0000603199005 75.0000603199005 60.8469862937927 60.8470485210419 14.1530117988586 1.00198006629944 1.00198030471802 0 2.38418579101562e-07 0.8113 0.8113 1.0000 0.0000 1.0019805431366 1.00198006629944 1.00198006629944 1.00198006629944 1.0000 
