#do_nothing base_heapsort cache_heapsort cache4_heapsort base_quicksort cache_quicksort multi_quicksort multi_quicksort_seq base_radixsort base_mergesort knuth_base_mergesort knuth_other_base_mergesort tiled_mergesort double_tiled_mergesort multi_mergesort double_multi_mergesort on2_insertsort on2_selectsort on2_bubblesort on2_shakersort
4096 1916164 3034792 3328456 3465744 2734000 2723780 2713644 2758180 2816340 3105248 3303736 3443976 3121264 3029100 3144976 3121832 14937800 36811676 80756848 73703240
8192 2277048 4689664 5362976 5179504 4095392 4176372 3944108 4003816 4122964 4787412 5037448 5594484 4712592 4428744 4858320 4624044 54399024 138903528 374432808 297239996
16384 2994792 8484248 10089692 9660700 6836896 6675500 7234492 6783972 6804408 9619956 9874168 11532516 8420788 8256964 8384404 8261940 212424012 545368812 1631723084 1166492192
32768 4618872 16730888 19463444 18757240 13069608 12580364 12690080 12812736 12398928 16436624 18207276 20476200 16763400 15277632 16725164 15426468 849778748 2161577772 6894378184 4734628884
65536 8010168 33446028 40483280 38910612 25717012 24918112 24917652 25493172 25754512 34547304 38446896 42435832 35097508 32556144 35372604 32808120 3402628024 6908496160 27519054152 18584348000
131072 14831620 78792300 87375332 82984828 53118136 52915940 51297572 52201516 59455704 78580432 79497552 92388628 79225684 68379360 78325156 68041196 19058373304 31396092176 116533114124 77847298508
262144 28457820 226203352 204771160 205916804 109229480 106910896 106552028 108193192 121361528 159543272 171102344 186298652 158057728 145741836 165886348 141310956 141933597260 161572287468 522588051640 357902821352
524288 56227704 662572932 515435788 517492176 227788076 227358720 225227244 224510356 240539008 343007068 349419960 405438180 337921924 306261568 402723504 360753512 0 0 0 0
1048576 112049520 1785878616 1231144936 1319850540 470860676 466215708 456323492 464067808 481777760 683699748 740701540 780307944 685884148 653495628 839246640 737290820 0 0 0 0
2097152 219931216 4671138740 2907509076 3197450956 987936364 975587016 1187221644 1161982840 965099408 1472181348 1498223116 1690661496 1459314788 1315438932 1758793160 1615605036 0 0 0 0
4194304 443260080 11756151772 6603233712 7785921612 2062945800 2029172256 2420012180 2380816972 1918055272 2939811192 3175865164 3400411584 2908097128 2785643528 3781694904 3483305888 0 0 0 0
