#set_size_in_keys sim_num_insn sim_num_refs sim_elapsed_time sim_inst_rate sim_num_branches sim_IPB bpred_2lev.lookups bpred_2lev.updates bpred_2lev.addr_hits bpred_2lev.dir_hits bpred_2lev.misses bpred_2lev.jr_hits bpred_2lev.jr_seen bpred_2lev.jr_non_ras_hits.PP bpred_2lev.jr_non_ras_seen.PP bpred_2lev.bpred_addr_rate bpred_2lev.bpred_dir_rate bpred_2lev.bpred_jr_rate bpred_2lev.bpred_jr_non_ras_rate.PP bpred_2lev.retstack_pushes bpred_2lev.retstack_pops bpred_2lev.used_ras.PP bpred_2lev.ras_hits.PP bpred_2lev.ras_rate.PP
4096 92.43798828125 33.912841796875 0.000244140625 378626.0000 2.254150390625 41.0079 2.254150390625 2.254150390625 2.187744140625 2.21240234375 0.041748046875 0.014404296875 0.014404296875 0 0 0.9705 0.9815 1.0000 <error: 0.014892578125 0.014404296875 0.014404296875 0.014404296875 1.0000 
8192 90.861328125 32.9617919921875 0.0001220703125 744336.0000 2.1319580078125 42.6187 2.1319580078125 2.1319580078125 2.0975341796875 2.1102294921875 0.021728515625 0.0081787109375 0.00830078125 0 0 0.9839 0.9898 0.9853 <error: 0.008544921875 0.00830078125 0.00830078125 0.0081787109375 0.9853 
16384 90.0557861328125 32.4808959960938 6.103515625e-05 1475474.0000 2.06597900390625 43.5899 2.06597900390625 2.06597900390625 2.04876708984375 2.05523681640625 0.0107421875 0.00408935546875 0.004150390625 0 0 0.9917 0.9948 0.9853 <error: 0.0042724609375 0.004150390625 0.004150390625 0.00408935546875 0.9853 
32768 89.6529235839844 32.2404479980469 3.0517578125e-05 2937747.0000 2.03298950195312 44.0991 2.03298950195312 2.03298950195312 2.02450561523438 2.0277099609375 0.005279541015625 0.002044677734375 0.0020751953125 0 0 0.9958 0.9974 0.9853 <error: 0.00213623046875 0.0020751953125 0.0020751953125 0.002044677734375 0.9853 
65536 89.4514617919922 32.1202239990234 1.52587890625e-05 5862291.0000 2.01649475097656 44.3599 2.01649475097656 2.01649475097656 2.01225280761719 2.01385498046875 0.0026397705078125 0.0010223388671875 0.00103759765625 0 0 0.9979 0.9987 0.9853 <error: 0.001068115234375 0.00103759765625 0.00103759765625 0.0010223388671875 0.9853 
131072 89.3507385253906 32.0601119995117 7.62939453125e-06 11711380.0000 2.00824737548828 44.4919 2.00824737548828 2.00824737548828 2.00612640380859 2.00693511962891 0.001312255859375 0.00051116943359375 0.000518798828125 0 0 0.9989 0.9993 0.9853 <error: 0.0005340576171875 0.000518798828125 0.000518798828125 0.00051116943359375 0.9853 
262144 89.3003692626953 32.0300559997559 1.1444091796875e-05 7803185.3333 2.00412368774414 44.5583 2.00412368774414 2.00412368774414 2.0030632019043 2.00346755981445 0.0006561279296875 0.000255584716796875 0.0002593994140625 0 0 0.9995 0.9997 0.9853 <error: 0.00026702880859375 0.0002593994140625 0.0002593994140625 0.000255584716796875 0.9853 
524288 89.2751846313477 32.0150279998779 7.62939453125e-06 11701477.0000 2.00206184387207 44.5916 2.00206184387207 2.00206184387207 2.00153160095215 2.00173377990723 0.00032806396484375 0.000127792358398438 0.00012969970703125 0 0 0.9997 0.9998 0.9853 <error: 0.000133514404296875 0.00012969970703125 0.00012969970703125 0.000127792358398438 0.9853 
1048576 89.2744903564453 32.0163469314575 8.58306884765625e-06 10401232.0000 2.00178718566895 44.5974 2.00178718566895 2.00178718566895 2.00147914886475 2.00159549713135 0.000191688537597656 6.67572021484375e-05 6.77108764648438e-05 0 9.5367431640625e-07 0.9998 0.9999 0.9859 0.0000 6.866455078125e-05 6.67572021484375e-05 6.67572021484375e-05 6.67572021484375e-05 1.0000 
2097152 89.2666435241699 32.0111031532288 9.05990600585938e-06 9852932.6316 2.00126123428345 44.6052 2.00126123428345 2.00126123428345 2.00110673904419 2.00116491317749 9.63211059570312e-05 3.33786010742188e-05 3.38554382324219e-05 0 4.76837158203125e-07 0.9999 1.0000 0.9859 0.0000 3.4332275390625e-05 3.33786010742188e-05 3.33786010742188e-05 3.33786010742188e-05 1.0000 
4194304 89.2627182006836 32.0084812641144 8.82148742675781e-06 10118783.1351 2.00099754333496 44.6091 2.00099754333496 2.00099754333496 2.00092029571533 2.00094938278198 4.81605529785156e-05 1.66893005371094e-05 1.69277191162109e-05 0 2.38418579101562e-07 1.0000 1.0000 0.9859 0.0000 1.71661376953125e-05 1.66893005371094e-05 1.66893005371094e-05 1.66893005371094e-05 1.0000 
