#set_size_in_keys sim_num_insn sim_num_refs sim_elapsed_time sim_inst_rate sim_num_branches sim_IPB bpred_bimod.lookups bpred_bimod.updates bpred_bimod.addr_hits bpred_bimod.dir_hits bpred_bimod.misses bpred_bimod.jr_hits bpred_bimod.jr_seen bpred_bimod.jr_non_ras_hits.PP bpred_bimod.jr_non_ras_seen.PP bpred_bimod.bpred_addr_rate bpred_bimod.bpred_dir_rate bpred_bimod.bpred_jr_rate bpred_bimod.bpred_jr_non_ras_rate.PP bpred_bimod.retstack_pushes bpred_bimod.retstack_pops bpred_bimod.used_ras.PP bpred_bimod.ras_hits.PP bpred_bimod.ras_rate.PP
4096 92.43798828125 33.912841796875 0.000244140625 378626.0000 2.254150390625 41.0079 2.254150390625 2.254150390625 2.205810546875 2.23046875 0.023681640625 0.014404296875 0.014404296875 0 0 0.9786 0.9895 1.0000 <error: 0.014892578125 0.014404296875 0.014404296875 0.014404296875 1.0000 
8192 90.861328125 32.9617919921875 0.0001220703125 744336.0000 2.1319580078125 42.6187 2.1319580078125 2.1319580078125 2.10693359375 2.1197509765625 0.01220703125 0.0081787109375 0.00830078125 0 0 0.9883 0.9943 0.9853 <error: 0.008544921875 0.00830078125 0.00830078125 0.0081787109375 0.9853 
16384 90.0557861328125 32.4808959960938 6.103515625e-05 1475474.0000 2.06597900390625 43.5899 2.06597900390625 2.06597900390625 2.0535888671875 2.06005859375 0.00592041015625 0.00408935546875 0.004150390625 0 0 0.9940 0.9971 0.9853 <error: 0.0042724609375 0.004150390625 0.004150390625 0.00408935546875 0.9853 
32768 89.6529235839844 32.2404479980469 3.0517578125e-05 2937747.0000 2.03298950195312 44.0991 2.03298950195312 2.03298950195312 2.0267333984375 2.02993774414062 0.0030517578125 0.002044677734375 0.0020751953125 0 0 0.9969 0.9985 0.9853 <error: 0.00213623046875 0.0020751953125 0.0020751953125 0.002044677734375 0.9853 
65536 89.4514617919922 32.1202239990234 1.52587890625e-05 5862291.0000 2.01649475097656 44.3599 2.01649475097656 2.01649475097656 2.01336669921875 2.01496887207031 0.00152587890625 0.0010223388671875 0.00103759765625 0 0 0.9984 0.9992 0.9853 <error: 0.001068115234375 0.00103759765625 0.00103759765625 0.0010223388671875 0.9853 
131072 89.3507385253906 32.0601119995117 7.62939453125e-06 11711380.0000 2.00824737548828 44.4919 2.00824737548828 2.00824737548828 2.00668334960938 2.00749206542969 0.00075531005859375 0.00051116943359375 0.000518798828125 0 0 0.9992 0.9996 0.9853 <error: 0.0005340576171875 0.000518798828125 0.000518798828125 0.00051116943359375 0.9853 
262144 89.3003692626953 32.0300559997559 1.1444091796875e-05 7803185.3333 2.00412368774414 44.5583 2.00412368774414 2.00412368774414 2.00334167480469 2.00374603271484 0.000377655029296875 0.000255584716796875 0.0002593994140625 0 0 0.9996 0.9998 0.9853 <error: 0.00026702880859375 0.0002593994140625 0.0002593994140625 0.000255584716796875 0.9853 
524288 89.2751846313477 32.0150279998779 9.5367431640625e-06 9361181.6000 2.00206184387207 44.5916 2.00206184387207 2.00206184387207 2.00167083740234 2.00187301635742 0.000188827514648438 0.000127792358398438 0.00012969970703125 0 0 0.9998 0.9999 0.9853 <error: 0.000133514404296875 0.00012969970703125 0.00012969970703125 0.000127792358398438 0.9853 
1048576 89.2744903564453 32.0163469314575 9.5367431640625e-06 9361108.8000 2.00178718566895 44.5974 2.00178718566895 2.00178718566895 2.00156784057617 2.00167846679688 0.000108718872070312 6.67572021484375e-05 6.77108764648438e-05 0 9.5367431640625e-07 0.9999 0.9999 0.9859 0.0000 6.866455078125e-05 6.67572021484375e-05 6.67572021484375e-05 6.67572021484375e-05 1.0000 
2097152 89.2666435241699 32.0111031532288 9.05990600585938e-06 9852932.6316 2.00126123428345 44.6052 2.00126123428345 2.00126123428345 2.00115156173706 2.00120687484741 5.43594360351562e-05 3.33786010742188e-05 3.38554382324219e-05 0 4.76837158203125e-07 0.9999 1.0000 0.9859 0.0000 3.4332275390625e-05 3.33786010742188e-05 3.33786010742188e-05 3.33786010742188e-05 1.0000 
4194304 89.2627182006836 32.0084812641144 9.05990600585938e-06 9852499.3684 2.00099754333496 44.6091 2.00099754333496 2.00099754333496 2.00094270706177 2.00097036361694 2.71797180175781e-05 1.66893005371094e-05 1.69277191162109e-05 0 2.38418579101562e-07 1.0000 1.0000 0.9859 0.0000 1.71661376953125e-05 1.66893005371094e-05 1.66893005371094e-05 1.66893005371094e-05 1.0000 
