#set_size_in_keys sim_num_insn sim_num_refs sim_elapsed_time sim_inst_rate sim_num_branches sim_IPB bpred_2lev.lookups bpred_2lev.updates bpred_2lev.addr_hits bpred_2lev.dir_hits bpred_2lev.misses bpred_2lev.jr_hits bpred_2lev.jr_seen bpred_2lev.jr_non_ras_hits.PP bpred_2lev.jr_non_ras_seen.PP bpred_2lev.bpred_addr_rate bpred_2lev.bpred_dir_rate bpred_2lev.bpred_jr_rate bpred_2lev.bpred_jr_non_ras_rate.PP bpred_2lev.retstack_pushes bpred_2lev.retstack_pops bpred_2lev.used_ras.PP bpred_2lev.ras_hits.PP bpred_2lev.ras_rate.PP
4096 212.63671875 53.244873046875 0.000244140625 870960.0000 37.85400390625 5.6173 37.85400390625 37.85400390625 29.095947265625 29.124755859375 8.729248046875 1.014404296875 1.014404296875 0 0 0.7686 0.7694 1.0000 <error: 1.014892578125 1.014404296875 1.014404296875 1.014404296875 1.0000 
8192 228.048461914062 56.7166748046875 0.0001220703125 1868173.0000 40.7119140625 5.6015 40.7119140625 40.7119140625 31.290283203125 31.305419921875 9.406494140625 1.0081787109375 1.00830078125 0 0 0.7686 0.7689 0.9999 <error: 1.008544921875 1.00830078125 1.00830078125 1.0081787109375 0.9999 
16384 244.335693359375 60.5037231445312 6.103515625e-05 4003196.0000 43.6739501953125 5.5945 43.6739501953125 43.6739501953125 33.6131591796875 33.62109375 10.0528564453125 1.00408935546875 1.004150390625 0 0 0.7696 0.7698 0.9999 <error: 1.0042724609375 1.004150390625 1.004150390625 1.00408935546875 0.9999 
32768 260.3662109375 64.3255615234375 3.0517578125e-05 8531680.0000 46.6027221679688 5.5869 46.6027221679688 46.6027221679688 35.908447265625 35.9122924804688 10.6904296875 1.00204467773438 1.0020751953125 0 0 0.7705 0.7706 1.0000 <error: 1.00213623046875 1.0020751953125 1.0020751953125 1.00204467773438 1.0000 
65536 276.989852905273 68.3011932373047 4.57763671875e-05 6050935.6667 49.6135711669922 5.5829 49.6135711669922 49.6135711669922 38.2829895019531 38.2848968505859 11.3286743164062 1.00102233886719 1.00103759765625 0 0 0.7716 0.7717 1.0000 <error: 1.00106811523438 1.00103759765625 1.00103759765625 1.00102233886719 1.0000 
131072 293.308769226074 72.2403182983398 3.814697265625e-05 7688913.4000 52.5867691040039 5.5776 52.5867691040039 52.5867691040039 40.592041015625 40.5930099487305 11.9937591552734 1.00051116943359 1.00051879882812 0 0 0.7719 0.7719 1.0000 <error: 1.00053405761719 1.00051879882812 1.00051879882812 1.00051116943359 1.0000 
262144 310.002460479736 76.2624626159668 4.1961669921875e-05 7387753.1818 55.6083030700684 5.5748 55.6083030700684 55.6083030700684 42.9769706726074 42.9774551391602 12.6308479309082 1.0002555847168 1.00025939941406 0 0 0.7729 0.7729 1.0000 <error: 1.00026702880859 1.00025939941406 1.00025939941406 1.0002555847168 1.0000 
524288 326.310752868652 80.2124214172363 4.38690185546875e-05 7438296.1739 58.5746459960938 5.5709 58.5746459960938 58.5746459960938 45.2998027801514 45.3000411987305 13.2746047973633 1.0001277923584 1.00012969970703 0 0 0.7734 0.7734 1.0000 <error: 1.0001335144043 1.00012969970703 1.00012969970703 1.0001277923584 1.0000 
1048576 343.076787948608 84.2609634399414 4.57763671875e-05 7494626.7917 61.6075801849365 5.5687 61.6075801849365 61.6075801849365 47.6783895492554 47.6785297393799 13.9290504455566 1.00006675720215 1.00006771087646 0 9.5367431640625e-07 0.7739 0.7739 1.0000 0.0000 1.00006866455078 1.00006675720215 1.00006675720215 1.00006675720215 1.0000 
2097152 359.395022392273 88.2121348381042 4.86373901367188e-05 7389274.4118 64.5737962722778 5.5656 64.5737962722778 64.5737962722778 49.9897031784058 49.9897723197937 14.5840239524841 1.00003337860107 1.00003385543823 0 4.76837158203125e-07 0.7741 0.7741 1.0000 0.0000 1.00003433227539 1.00003337860107 1.00003337860107 1.00003337860107 1.0000 
4194304 376.156674146652 92.2565724849701 5.10215759277344e-05 7372502.0701 67.6077306270599 5.5638 67.6077306270599 67.6077306270599 52.3834066390991 52.3834414482117 15.2242891788483 1.00001668930054 1.00001692771912 0 2.38418579101562e-07 0.7748 0.7748 1.0000 0.0000 1.0000171661377 1.00001668930054 1.00001668930054 1.00001668930054 1.0000 
