#set_size_in_keys sim_num_insn sim_num_refs sim_elapsed_time sim_inst_rate sim_num_branches sim_IPB bpred_2lev.lookups bpred_2lev.updates bpred_2lev.addr_hits bpred_2lev.dir_hits bpred_2lev.misses bpred_2lev.jr_hits bpred_2lev.jr_seen bpred_2lev.jr_non_ras_hits.PP bpred_2lev.jr_non_ras_seen.PP bpred_2lev.bpred_addr_rate bpred_2lev.bpred_dir_rate bpred_2lev.bpred_jr_rate bpred_2lev.bpred_jr_non_ras_rate.PP bpred_2lev.retstack_pushes bpred_2lev.retstack_pops bpred_2lev.used_ras.PP bpred_2lev.ras_hits.PP bpred_2lev.ras_rate.PP
4096 1.506103515625 0.8896484375 0.000244140625 6169.0000 0.178955078125 8.4161 0.178955078125 0.178955078125 0.1318359375 0.15380859375 0.025146484375 0.013427734375 0.013671875 0 0 0.7367 0.8595 0.9821 <error: 0.01416015625 0.013671875 0.013671875 0.013427734375 0.9821 
8192 0.7535400390625 0.44482421875 0.0001220703125 6173.0000 0.0894775390625 8.4216 0.0894775390625 0.0894775390625 0.066162109375 0.0772705078125 0.01220703125 0.0067138671875 0.0068359375 0 0 0.7394 0.8636 0.9821 <error: 0.007080078125 0.0068359375 0.0068359375 0.0067138671875 0.9821 
16384 0.37689208984375 0.222412109375 6.103515625e-05 6175.0000 0.04473876953125 8.4243 0.04473876953125 0.04473876953125 0.032958984375 0.0384521484375 0.00628662109375 0.00335693359375 0.00341796875 0 0 0.7367 0.8595 0.9821 <error: 0.0035400390625 0.00341796875 0.00341796875 0.00335693359375 0.9821 
32768 0.1884765625 0.1112060546875 3.0517578125e-05 6176.0000 0.022369384765625 8.4256 0.022369384765625 0.022369384765625 0.01654052734375 0.019256591796875 0.00311279296875 0.001678466796875 0.001708984375 0 0 0.7394 0.8608 0.9821 <error: 0.00177001953125 0.001708984375 0.001708984375 0.001678466796875 0.9821 
65536 0.09423828125 0.05560302734375 1.52587890625e-05 6176.0000 0.0111846923828125 8.4256 0.0111846923828125 0.0111846923828125 0.008270263671875 0.0096282958984375 0.001556396484375 0.0008392333984375 0.0008544921875 0 0 0.7394 0.8608 0.9821 <error: 0.000885009765625 0.0008544921875 0.0008544921875 0.0008392333984375 0.9821 
131072 0.0471267700195312 0.027801513671875 7.62939453125e-06 6177.0000 0.00559234619140625 8.4270 0.00559234619140625 0.00559234619140625 0.0041351318359375 0.00482177734375 0.00077056884765625 0.00041961669921875 0.00042724609375 0 0 0.7394 0.8622 0.9821 <error: 0.0004425048828125 0.00042724609375 0.00042724609375 0.00041961669921875 0.9821 
262144 0.0235633850097656 0.0139007568359375 3.814697265625e-06 6177.0000 0.00279617309570312 8.4270 0.00279617309570312 0.00279617309570312 0.00206756591796875 0.002410888671875 0.000385284423828125 0.000209808349609375 0.000213623046875 0 0 0.7394 0.8622 0.9821 <error: 0.00022125244140625 0.000213623046875 0.000213623046875 0.000209808349609375 0.9821 
524288 0.0117816925048828 0.00695037841796875 1.9073486328125e-06 6177.0000 0.00139808654785156 8.4270 0.00139808654785156 0.00139808654785156 0.00103378295898438 0.0012054443359375 0.000192642211914062 0.000104904174804688 0.0001068115234375 0 0 0.7394 0.8622 0.9821 <error: 0.000110626220703125 0.0001068115234375 0.0001068115234375 0.000104904174804688 0.9821 
1048576 0.00589084625244141 0.00347518920898438 9.5367431640625e-07 6177.0000 0.000699043273925781 8.4270 0.000699043273925781 0.000699043273925781 0.000516891479492188 0.00060272216796875 9.63211059570312e-05 5.24520874023438e-05 5.340576171875e-05 0 0 0.7394 0.8622 0.9821 <error: 5.53131103515625e-05 5.340576171875e-05 5.340576171875e-05 5.24520874023438e-05 0.9821 
2097152 0.0029454231262207 0.00173759460449219 4.76837158203125e-07 6177.0000 0.000349521636962891 8.4270 0.000349521636962891 0.000349521636962891 0.000258445739746094 0.000301361083984375 4.81605529785156e-05 2.62260437011719e-05 2.6702880859375e-05 0 0 0.7394 0.8622 0.9821 <error: 2.76565551757812e-05 2.6702880859375e-05 2.6702880859375e-05 2.62260437011719e-05 0.9821 
4194304 0.00147271156311035 0.000868797302246094 4.76837158203125e-07 3088.5000 0.000174760818481445 8.4270 0.000174760818481445 0.000174760818481445 0.000129222869873047 0.000150680541992188 2.40802764892578e-05 1.31130218505859e-05 1.33514404296875e-05 0 0 0.7394 0.8622 0.9821 <error: 1.38282775878906e-05 1.33514404296875e-05 1.33514404296875e-05 1.31130218505859e-05 0.9821 
