#set_size_in_keys sim_num_insn sim_num_refs sim_elapsed_time sim_inst_rate sim_num_branches sim_IPB bpred_2lev.lookups bpred_2lev.updates bpred_2lev.addr_hits bpred_2lev.dir_hits bpred_2lev.misses bpred_2lev.jr_hits bpred_2lev.jr_seen bpred_2lev.jr_non_ras_hits.PP bpred_2lev.jr_non_ras_seen.PP bpred_2lev.bpred_addr_rate bpred_2lev.bpred_dir_rate bpred_2lev.bpred_jr_rate bpred_2lev.bpred_jr_non_ras_rate.PP bpred_2lev.retstack_pushes bpred_2lev.retstack_pops bpred_2lev.used_ras.PP bpred_2lev.ras_hits.PP bpred_2lev.ras_rate.PP
4096 224.840087890625 65.987060546875 0.000244140625 920945.0000 32.62841796875 6.8909 32.62841796875 32.62841796875 26.27490234375 26.316650390625 6.311767578125 2.092529296875 2.0927734375 0 0 0.8053 0.8066 0.9999 <error: 2.09326171875 2.0927734375 2.0927734375 2.092529296875 0.9999 
8192 227.855102539062 67.2613525390625 0.0001220703125 1866589.0000 33.7789306640625 6.7455 33.7789306640625 33.7789306640625 27.123291015625 27.1456298828125 6.63330078125 2.0467529296875 2.046875 0 0 0.8030 0.8036 0.9999 <error: 2.047119140625 2.046875 2.046875 2.0467529296875 0.9999 
16384 254.881286621094 73.54833984375 6.103515625e-05 4175975.0000 36.15283203125 7.0501 36.15283203125 36.15283203125 28.8731079101562 28.8841552734375 7.2686767578125 2.02386474609375 2.02392578125 0 0 0.7986 0.7989 1.0000 <error: 2.0240478515625 2.02392578125 2.02392578125 2.02386474609375 1.0000 
32768 259.160766601562 75.4945678710938 3.0517578125e-05 8492180.0000 37.5088806152344 6.9093 37.5088806152344 37.5088806152344 29.8758850097656 29.8815307617188 7.62734985351562 2.01242065429688 2.012451171875 0 0 0.7965 0.7967 1.0000 <error: 2.01251220703125 2.012451171875 2.012451171875 2.01242065429688 1.0000 
65536 287.114685058594 82.178466796875 6.103515625e-05 4704087.0000 40.031005859375 7.1723 40.031005859375 40.031005859375 31.7155303955078 31.7182769775391 8.31272888183594 2.00669860839844 2.0067138671875 0 0 0.7923 0.7923 1.0000 <error: 2.00674438476562 2.0067138671875 2.0067138671875 2.00669860839844 1.0000 
131072 292.050651550293 84.3647308349609 3.814697265625e-05 7655932.6000 41.4883728027344 7.0393 41.4883728027344 41.4883728027344 32.8418502807617 32.8432540893555 8.64511871337891 2.00383758544922 2.00384521484375 0 0 0.7916 0.7916 1.0000 <error: 2.00386047363281 2.00384521484375 2.00384521484375 2.00383758544922 1.0000 
262144 320.099792480469 91.1208915710449 3.4332275390625e-05 9323582.2222 44.0295448303223 7.2701 44.0295448303223 44.0295448303223 34.7018127441406 34.7024269104004 9.32711791992188 2.00240707397461 2.00241088867188 0 0 0.7881 0.7882 1.0000 <error: 2.00241851806641 2.00241088867188 2.00241088867188 2.00240707397461 1.0000 
524288 324.931179046631 93.324535369873 3.62396240234375e-05 8966185.1579 45.4722995758057 7.1457 45.4722995758057 45.4722995758057 35.855978012085 35.8563766479492 9.61592292785645 2.00170135498047 2.0017032623291 0 1.9073486328125e-06 0.7885 0.7885 1.0000 0.0000 2.00170516967773 2.00170135498047 2.00170135498047 2.00170135498047 1.0000 
1048576 353.025124549866 100.096316337585 4.10079956054688e-05 8608690.0698 48.0224075317383 7.3513 48.0224075317383 48.0224075317383 37.7144918441772 37.7146863937378 10.3077211380005 2.00134086608887 2.00134181976318 0 9.5367431640625e-07 0.7854 0.7854 1.0000 0.0000 2.0013427734375 2.00134086608887 2.00134086608887 2.00134086608887 1.0000 
2097152 357.881866455078 102.297783851624 4.00543212890625e-05 8934912.7619 49.4730935096741 7.2339 49.4730935096741 49.4730935096741 38.8252544403076 38.8253560066223 10.6477375030518 2.00116062164307 2.00116109848022 0 4.76837158203125e-07 0.7848 0.7848 1.0000 0.0000 2.00116157531738 2.00116062164307 2.00116062164307 2.00116062164307 1.0000 
4194304 386.012551546097 109.085446357727 4.26769256591797e-05 9044994.3520 52.0271463394165 7.4194 52.0271463394165 52.0271463394165 40.6894714832306 40.6895203590393 11.3376259803772 2.00107049942017 2.00107073783875 0 2.38418579101562e-07 0.7821 0.7821 1.0000 0.0000 2.00107097625732 2.00107049942017 2.00107049942017 2.00107049942017 1.0000 
