#set_size_in_keys sim_num_insn sim_num_refs sim_elapsed_time sim_inst_rate sim_num_branches sim_IPB bpred_bimod.lookups bpred_bimod.updates bpred_bimod.addr_hits bpred_bimod.dir_hits bpred_bimod.misses bpred_bimod.jr_hits bpred_bimod.jr_seen bpred_bimod.jr_non_ras_hits.PP bpred_bimod.jr_non_ras_seen.PP bpred_bimod.bpred_addr_rate bpred_bimod.bpred_dir_rate bpred_bimod.bpred_jr_rate bpred_bimod.bpred_jr_non_ras_rate.PP bpred_bimod.retstack_pushes bpred_bimod.retstack_pops bpred_bimod.used_ras.PP bpred_bimod.ras_hits.PP bpred_bimod.ras_rate.PP
4096 224.840087890625 65.987060546875 0.000244140625 920945.0000 32.62841796875 6.8909 32.62841796875 32.62841796875 26.296142578125 26.333984375 6.29443359375 2.092529296875 2.0927734375 0 0 0.8059 0.8071 0.9999 <error: 2.09326171875 2.0927734375 2.0927734375 2.092529296875 0.9999 
8192 227.855102539062 67.2613525390625 0.0001220703125 1866589.0000 33.7789306640625 6.7455 33.7789306640625 33.7789306640625 27.4227294921875 27.4427490234375 6.336181640625 2.0467529296875 2.046875 0 0 0.8118 0.8124 0.9999 <error: 2.047119140625 2.046875 2.046875 2.0467529296875 0.9999 
16384 254.881286621094 73.54833984375 6.103515625e-05 4175975.0000 36.15283203125 7.0501 36.15283203125 36.15283203125 28.88916015625 28.8997802734375 7.2530517578125 2.02386474609375 2.02392578125 0 0 0.7991 0.7994 1.0000 <error: 2.0240478515625 2.02392578125 2.02392578125 2.02386474609375 1.0000 
32768 259.160766601562 75.4945678710938 3.0517578125e-05 8492180.0000 37.5088806152344 6.9093 37.5088806152344 37.5088806152344 30.1764831542969 30.1816711425781 7.32720947265625 2.01242065429688 2.012451171875 0 0 0.8045 0.8047 1.0000 <error: 2.01251220703125 2.012451171875 2.012451171875 2.01242065429688 1.0000 
65536 287.114685058594 82.178466796875 3.0517578125e-05 9408174.0000 40.031005859375 7.1723 40.031005859375 40.031005859375 31.7966613769531 31.7992706298828 8.23173522949219 2.00669860839844 2.0067138671875 0 0 0.7943 0.7944 1.0000 <error: 2.00674438476562 2.0067138671875 2.0067138671875 2.00669860839844 1.0000 
131072 292.050651550293 84.3647308349609 3.0517578125e-05 9569915.7500 41.4883728027344 7.0393 41.4883728027344 41.4883728027344 33.1600341796875 33.1613464355469 8.3270263671875 2.00383758544922 2.00384521484375 0 0 0.7993 0.7993 1.0000 <error: 2.00386047363281 2.00384521484375 2.00384521484375 2.00383758544922 1.0000 
262144 320.099792480469 91.1208915710449 3.4332275390625e-05 9323582.2222 44.0295448303223 7.2701 44.0295448303223 44.0295448303223 34.7892646789551 34.7898483276367 9.23969650268555 2.00240707397461 2.00241088867188 0 0 0.7901 0.7901 1.0000 <error: 2.00241851806641 2.00241088867188 2.00241088867188 2.00240707397461 1.0000 
524288 324.931179046631 93.324535369873 3.4332275390625e-05 9464306.5556 45.4722995758057 7.1457 45.4722995758057 45.4722995758057 36.1429634094238 36.1433200836182 9.3289794921875 2.00170135498047 2.0017032623291 0 1.9073486328125e-06 0.7948 0.7948 1.0000 0.0000 2.00170516967773 2.00170135498047 2.00170135498047 2.00170135498047 1.0000 
1048576 353.025124549866 100.096316337585 3.814697265625e-05 9254341.8250 48.0224075317383 7.3513 48.0224075317383 48.0224075317383 37.7792768478394 37.7794561386108 10.2429513931274 2.00134086608887 2.00134181976318 0 9.5367431640625e-07 0.7867 0.7867 1.0000 0.0000 2.0013427734375 2.00134086608887 2.00134086608887 2.00134086608887 1.0000 
2097152 357.881866455078 102.297783851624 3.86238098144531e-05 9265835.4568 49.4730935096741 7.2339 49.4730935096741 49.4730935096741 39.1429443359375 39.1430344581604 10.3300590515137 2.00116062164307 2.00116109848022 0 4.76837158203125e-07 0.7912 0.7912 1.0000 0.0000 2.00116157531738 2.00116062164307 2.00116062164307 2.00116062164307 1.0000 
4194304 386.012551546097 109.085446357727 4.12464141845703e-05 9358693.5780 52.0271463394165 7.4194 52.0271463394165 52.0271463394165 40.785496711731 40.785542011261 11.2416043281555 2.00107049942017 2.00107073783875 0 2.38418579101562e-07 0.7839 0.7839 1.0000 0.0000 2.00107097625732 2.00107049942017 2.00107049942017 2.00107049942017 1.0000 
