#set_size_in_keys sim_num_insn sim_num_refs sim_elapsed_time sim_inst_rate sim_num_branches sim_IPB bpred_2lev.lookups bpred_2lev.updates bpred_2lev.addr_hits bpred_2lev.dir_hits bpred_2lev.misses bpred_2lev.jr_hits bpred_2lev.jr_seen bpred_2lev.jr_non_ras_hits.PP bpred_2lev.jr_non_ras_seen.PP bpred_2lev.bpred_addr_rate bpred_2lev.bpred_dir_rate bpred_2lev.bpred_jr_rate bpred_2lev.bpred_jr_non_ras_rate.PP bpred_2lev.retstack_pushes bpred_2lev.retstack_pops bpred_2lev.used_ras.PP bpred_2lev.ras_hits.PP bpred_2lev.ras_rate.PP
4096 224.840087890625 65.987060546875 0.000244140625 920945.0000 32.62841796875 6.8909 32.62841796875 32.62841796875 26.042724609375 26.083984375 6.54443359375 2.092529296875 2.0927734375 0 0 0.7982 0.7994 0.9999 <error: 2.09326171875 2.0927734375 2.0927734375 2.092529296875 0.9999 
8192 227.855102539062 67.2613525390625 0.0001220703125 1866589.0000 33.7789306640625 6.7455 33.7789306640625 33.7789306640625 26.8299560546875 26.85107421875 6.9278564453125 2.0467529296875 2.046875 0 0 0.7943 0.7949 0.9999 <error: 2.047119140625 2.046875 2.046875 2.0467529296875 0.9999 
16384 254.881286621094 73.54833984375 6.103515625e-05 4175975.0000 36.15283203125 7.0501 36.15283203125 36.15283203125 28.6301879882812 28.6414794921875 7.5113525390625 2.02386474609375 2.02392578125 0 0 0.7919 0.7922 1.0000 <error: 2.0240478515625 2.02392578125 2.02392578125 2.02386474609375 1.0000 
32768 259.160766601562 75.4945678710938 3.0517578125e-05 8492180.0000 37.5088806152344 6.9093 37.5088806152344 37.5088806152344 29.5623779296875 29.5678405761719 7.9410400390625 2.01242065429688 2.012451171875 0 0 0.7881 0.7883 1.0000 <error: 2.01251220703125 2.012451171875 2.012451171875 2.01242065429688 1.0000 
65536 287.114685058594 82.178466796875 3.0517578125e-05 9408174.0000 40.031005859375 7.1723 40.031005859375 40.031005859375 31.4617004394531 31.4644622802734 8.56654357910156 2.00669860839844 2.0067138671875 0 0 0.7859 0.7860 1.0000 <error: 2.00674438476562 2.0067138671875 2.0067138671875 2.00669860839844 1.0000 
131072 292.050651550293 84.3647308349609 3.0517578125e-05 9569915.7500 41.4883728027344 7.0393 41.4883728027344 41.4883728027344 32.5214309692383 32.5227813720703 8.96559143066406 2.00383758544922 2.00384521484375 0 0 0.7839 0.7839 1.0000 <error: 2.00386047363281 2.00384521484375 2.00384521484375 2.00383758544922 1.0000 
262144 320.099792480469 91.1208915710449 3.4332275390625e-05 9323582.2222 44.0295448303223 7.2701 44.0295448303223 44.0295448303223 34.3992691040039 34.3999061584473 9.629638671875 2.00240707397461 2.00241088867188 0 0 0.7813 0.7813 1.0000 <error: 2.00241851806641 2.00241088867188 2.00241088867188 2.00240707397461 1.0000 
524288 324.931179046631 93.324535369873 3.62396240234375e-05 8966185.1579 45.4722995758057 7.1457 45.4722995758057 45.4722995758057 35.497838973999 35.4982109069824 9.97408866882324 2.00170135498047 2.0017032623291 0 1.9073486328125e-06 0.7806 0.7807 1.0000 0.0000 2.00170516967773 2.00170135498047 2.00170135498047 2.00170135498047 1.0000 
1048576 353.025124549866 100.096316337585 3.91006469726562e-05 9028626.1707 48.0224075317383 7.3513 48.0224075317383 48.0224075317383 37.4210796356201 37.4212760925293 10.601131439209 2.00134086608887 2.00134181976318 0 9.5367431640625e-07 0.7792 0.7792 1.0000 0.0000 2.0013427734375 2.00134086608887 2.00134086608887 2.00134086608887 1.0000 
2097152 357.881866455078 102.297783851624 4.00543212890625e-05 8934912.7619 49.4730935096741 7.2339 49.4730935096741 49.4730935096741 38.4580030441284 38.4581022262573 11.0149912834167 2.00116062164307 2.00116109848022 0 4.76837158203125e-07 0.7774 0.7774 1.0000 0.0000 2.00116157531738 2.00116062164307 2.00116062164307 2.00116062164307 1.0000 
4194304 386.012551546097 109.085446357727 4.14848327636719e-05 9304907.9828 52.0271463394165 7.4194 52.0271463394165 52.0271463394165 40.3880240917206 40.388073682785 11.6390726566315 2.00107049942017 2.00107073783875 0 2.38418579101562e-07 0.7763 0.7763 1.0000 0.0000 2.00107097625732 2.00107049942017 2.00107049942017 2.00107049942017 1.0000 
