#set_size_in_keys sim_num_insn sim_num_refs sim_elapsed_time sim_inst_rate sim_num_branches sim_IPB bpred_bimod.lookups bpred_bimod.updates bpred_bimod.addr_hits bpred_bimod.dir_hits bpred_bimod.misses bpred_bimod.jr_hits bpred_bimod.jr_seen bpred_bimod.jr_non_ras_hits.PP bpred_bimod.jr_non_ras_seen.PP bpred_bimod.bpred_addr_rate bpred_bimod.bpred_dir_rate bpred_bimod.bpred_jr_rate bpred_bimod.bpred_jr_non_ras_rate.PP bpred_bimod.retstack_pushes bpred_bimod.retstack_pops bpred_bimod.used_ras.PP bpred_bimod.ras_hits.PP bpred_bimod.ras_rate.PP
4096 217.207275390625 66.320556640625 0.000244140625 889681.0000 30.635498046875 7.0901 30.635498046875 30.635498046875 24.34521484375 24.378173828125 6.25732421875 2.09130859375 2.091552734375 0 0 0.7947 0.7957 0.9999 <error: 2.092041015625 2.091552734375 2.091552734375 2.09130859375 0.9999 
8192 234.251831054688 71.858642578125 0.0001220703125 1918991.0000 32.4449462890625 7.2200 32.4449462890625 32.4449462890625 25.718994140625 25.735595703125 6.7093505859375 2.0458984375 2.046142578125 0 0.0001220703125 0.7927 0.7932 0.9999 0.0000 2.0462646484375 2.0460205078125 2.0460205078125 2.0458984375 0.9999 
16384 247.237609863281 73.8760375976562 6.103515625e-05 4050741.0000 34.1536865234375 7.2390 34.1536865234375 34.1536865234375 26.8933715820312 26.9014282226562 7.25225830078125 2.0228271484375 2.02288818359375 0 0 0.7874 0.7877 1.0000 <error: 2.02301025390625 2.02288818359375 2.02288818359375 2.0228271484375 1.0000 
32768 265.738555908203 80.137451171875 6.103515625e-05 4353860.5000 36.2010192871094 7.3406 36.2010192871094 36.2010192871094 28.4544067382812 28.4585266113281 7.74249267578125 2.011474609375 2.01153564453125 0 3.0517578125e-05 0.7860 0.7861 1.0000 0.0000 2.01156616210938 2.01150512695312 2.01150512695312 2.011474609375 1.0000 
65536 279.559234619141 82.5311431884766 6.103515625e-05 4580298.5000 38.0470886230469 7.3477 38.0470886230469 38.0470886230469 29.80517578125 29.8071594238281 8.23992919921875 2.00570678710938 2.00572204589844 0 0 0.7834 0.7834 1.0000 <error: 2.00575256347656 2.00572204589844 2.00572204589844 2.00570678710938 1.0000 
131072 298.643035888672 89.0120086669922 7.62939453125e-05 3914374.0000 40.1820068359375 7.4323 40.1820068359375 40.1820068359375 31.4282913208008 31.429328918457 8.75267791748047 2.00286865234375 2.00288391113281 0 7.62939453125e-06 0.7821 0.7822 1.0000 0.0000 2.00289154052734 2.00287628173828 2.00287628173828 2.00286865234375 1.0000 
262144 312.548473358154 91.4739418029785 7.62939453125e-05 4096635.3500 42.0456771850586 7.4335 42.0456771850586 42.0456771850586 32.7943954467773 32.7948913574219 9.25078582763672 2.00142669677734 2.00143051147461 0 0 0.7800 0.7800 1.0000 <error: 2.00143814086914 2.00143051147461 2.00143051147461 2.00142669677734 1.0000 
524288 331.539119720459 97.9747428894043 7.62939453125e-05 4345549.5500 44.1697864532471 7.5060 44.1697864532471 44.1697864532471 34.44704246521 34.447322845459 9.72246360778809 2.00072479248047 2.0007266998291 1.9073486328125e-06 3.814697265625e-06 0.7799 0.7799 1.0000 0.5000 2.0007266998291 2.00072288513184 2.00072288513184 2.00072288513184 1.0000 
1048576 345.473488807678 100.448742866516 7.91549682617188e-05 4364520.5904 46.0397796630859 7.5038 46.0397796630859 46.0397796630859 35.8324899673462 35.8326272964478 10.2071523666382 2.00035953521729 2.0003604888916 0 9.5367431640625e-07 0.7783 0.7783 1.0000 0.0000 2.00036144256592 2.00035953521729 2.00035953521729 2.00035953521729 1.0000 
2097152 364.478935241699 106.94459438324 8.72611999511719e-05 4176872.8306 48.1689915657043 7.5667 48.1689915657043 48.1689915657043 37.4676160812378 37.4676856994629 10.7013058662415 2.00018119812012 2.00018167495728 4.76837158203125e-07 9.5367431640625e-07 0.7778 0.7778 1.0000 0.5000 2.00018167495728 2.00018072128296 2.00018072128296 2.00018072128296 1.0000 
4194304 378.471074342728 109.439668893814 8.53538513183594e-05 4434141.7346 50.0462896823883 7.5624 50.0462896823883 50.0462896823883 38.8507261276245 38.8507604598999 11.1955292224884 2.00008988380432 2.0000901222229 0 2.38418579101562e-07 0.7763 0.7763 1.0000 0.0000 2.00009036064148 2.00008988380432 2.00008988380432 2.00008988380432 1.0000 
