#set_size_in_keys sim_num_insn sim_num_refs sim_elapsed_time sim_inst_rate sim_num_branches sim_IPB bpred_2lev.lookups bpred_2lev.updates bpred_2lev.addr_hits bpred_2lev.dir_hits bpred_2lev.misses bpred_2lev.jr_hits bpred_2lev.jr_seen bpred_2lev.jr_non_ras_hits.PP bpred_2lev.jr_non_ras_seen.PP bpred_2lev.bpred_addr_rate bpred_2lev.bpred_dir_rate bpred_2lev.bpred_jr_rate bpred_2lev.bpred_jr_non_ras_rate.PP bpred_2lev.retstack_pushes bpred_2lev.retstack_pops bpred_2lev.used_ras.PP bpred_2lev.ras_hits.PP bpred_2lev.ras_rate.PP
4096 217.207275390625 66.320556640625 0.000244140625 889681.0000 30.635498046875 7.0901 30.635498046875 30.635498046875 24.400146484375 24.43408203125 6.201416015625 2.09130859375 2.091552734375 0 0 0.7965 0.7976 0.9999 <error: 2.092041015625 2.091552734375 2.091552734375 2.09130859375 0.9999 
8192 234.251831054688 71.858642578125 0.0001220703125 1918991.0000 32.4449462890625 7.2200 32.4449462890625 32.4449462890625 25.8115234375 25.828857421875 6.6160888671875 2.0458984375 2.046142578125 0 0.0001220703125 0.7955 0.7961 0.9999 0.0000 2.0462646484375 2.0460205078125 2.0460205078125 2.0458984375 0.9999 
16384 247.237609863281 73.8760375976562 6.103515625e-05 4050741.0000 34.1536865234375 7.2390 34.1536865234375 34.1536865234375 27.094482421875 27.103271484375 7.0504150390625 2.0228271484375 2.02288818359375 0 0 0.7933 0.7936 1.0000 <error: 2.02301025390625 2.02288818359375 2.02288818359375 2.0228271484375 1.0000 
32768 265.738555908203 80.137451171875 6.103515625e-05 4353860.5000 36.2010192871094 7.3406 36.2010192871094 36.2010192871094 28.6685180664062 28.6731567382812 7.52786254882812 2.011474609375 2.01153564453125 0 3.0517578125e-05 0.7919 0.7921 1.0000 0.0000 2.01156616210938 2.01150512695312 2.01150512695312 2.011474609375 1.0000 
65536 279.559234619141 82.5311431884766 6.103515625e-05 4580298.5000 38.0470886230469 7.3477 38.0470886230469 38.0470886230469 30.0296630859375 30.0318756103516 8.01521301269531 2.00570678710938 2.00572204589844 0 0 0.7893 0.7893 1.0000 <error: 2.00575256347656 2.00572204589844 2.00572204589844 2.00570678710938 1.0000 
131072 298.643035888672 89.0120086669922 7.62939453125e-05 3914374.0000 40.1820068359375 7.4323 40.1820068359375 40.1820068359375 31.6764831542969 31.6775817871094 8.50442504882812 2.00286865234375 2.00288391113281 0 7.62939453125e-06 0.7883 0.7884 1.0000 0.0000 2.00289154052734 2.00287628173828 2.00287628173828 2.00286865234375 1.0000 
262144 312.548473358154 91.4739418029785 7.62939453125e-05 4096635.3500 42.0456771850586 7.4335 42.0456771850586 42.0456771850586 33.0438842773438 33.0444374084473 9.00123977661133 2.00142669677734 2.00143051147461 0 0 0.7859 0.7859 1.0000 <error: 2.00143814086914 2.00143051147461 2.00143051147461 2.00142669677734 1.0000 
524288 331.539119720459 97.9747428894043 7.62939453125e-05 4345549.5500 44.1697864532471 7.5060 44.1697864532471 44.1697864532471 34.6670665740967 34.6673831939697 9.50240325927734 2.00072479248047 2.0007266998291 1.9073486328125e-06 3.814697265625e-06 0.7849 0.7849 1.0000 0.5000 2.0007266998291 2.00072288513184 2.00072288513184 2.00072288513184 1.0000 
1048576 345.473488807678 100.448742866516 8.0108642578125e-05 4312562.0119 46.0397796630859 7.5038 46.0397796630859 46.0397796630859 36.0354156494141 36.0355739593506 10.0042057037354 2.00035953521729 2.0003604888916 0 9.5367431640625e-07 0.7827 0.7827 1.0000 0.0000 2.00036144256592 2.00035953521729 2.00035953521729 2.00035953521729 1.0000 
2097152 364.478935241699 106.94459438324 8.44001770019531e-05 4318461.7401 48.1689915657043 7.5667 48.1689915657043 48.1689915657043 37.6652808189392 37.6653618812561 10.5036296844482 2.00018119812012 2.00018167495728 4.76837158203125e-07 9.5367431640625e-07 0.7819 0.7819 1.0000 0.5000 2.00018167495728 2.00018072128296 2.00018072128296 2.00018072128296 1.0000 
4194304 378.471074342728 109.439668893814 8.82148742675781e-05 4290331.7324 50.0462896823883 7.5624 50.0462896823883 50.0462896823883 39.0417203903198 39.0417604446411 11.0045292377472 2.00008988380432 2.0000901222229 0 2.38418579101562e-07 0.7801 0.7801 1.0000 0.0000 2.00009036064148 2.00008988380432 2.00008988380432 2.00008988380432 1.0000 
