#set_size_in_keys sim_num_insn sim_num_refs sim_elapsed_time sim_inst_rate sim_num_branches sim_IPB bpred_2lev.lookups bpred_2lev.updates bpred_2lev.addr_hits bpred_2lev.dir_hits bpred_2lev.misses bpred_2lev.jr_hits bpred_2lev.jr_seen bpred_2lev.jr_non_ras_hits.PP bpred_2lev.jr_non_ras_seen.PP bpred_2lev.bpred_addr_rate bpred_2lev.bpred_dir_rate bpred_2lev.bpred_jr_rate bpred_2lev.bpred_jr_non_ras_rate.PP bpred_2lev.retstack_pushes bpred_2lev.retstack_pops bpred_2lev.used_ras.PP bpred_2lev.ras_hits.PP bpred_2lev.ras_rate.PP
4096 217.207275390625 66.320556640625 0.000244140625 889681.0000 30.635498046875 7.0901 30.635498046875 30.635498046875 24.248046875 24.282958984375 6.3525390625 2.09130859375 2.091552734375 0 0 0.7915 0.7926 0.9999 <error: 2.092041015625 2.091552734375 2.091552734375 2.09130859375 0.9999 
8192 234.251831054688 71.858642578125 0.0001220703125 1918991.0000 32.4449462890625 7.2200 32.4449462890625 32.4449462890625 25.6114501953125 25.629150390625 6.8157958984375 2.0458984375 2.046142578125 0 0.0001220703125 0.7894 0.7899 0.9999 0.0000 2.0462646484375 2.0460205078125 2.0460205078125 2.0458984375 0.9999 
16384 247.237609863281 73.8760375976562 6.103515625e-05 4050741.0000 34.1536865234375 7.2390 34.1536865234375 34.1536865234375 26.8309936523438 26.8399658203125 7.313720703125 2.0228271484375 2.02288818359375 0 0 0.7856 0.7859 1.0000 <error: 2.02301025390625 2.02288818359375 2.02288818359375 2.0228271484375 1.0000 
32768 265.738555908203 80.137451171875 6.103515625e-05 4353860.5000 36.2010192871094 7.3406 36.2010192871094 36.2010192871094 28.3812561035156 28.385986328125 7.81503295898438 2.011474609375 2.01153564453125 0 3.0517578125e-05 0.7840 0.7841 1.0000 0.0000 2.01156616210938 2.01150512695312 2.01150512695312 2.011474609375 1.0000 
65536 279.559234619141 82.5311431884766 6.103515625e-05 4580298.5000 38.0470886230469 7.3477 38.0470886230469 38.0470886230469 29.7265777587891 29.7288360595703 8.31825256347656 2.00570678710938 2.00572204589844 0 0 0.7813 0.7814 1.0000 <error: 2.00575256347656 2.00572204589844 2.00572204589844 2.00570678710938 1.0000 
131072 298.643035888672 89.0120086669922 7.62939453125e-05 3914374.0000 40.1820068359375 7.4323 40.1820068359375 40.1820068359375 31.3687057495117 31.3698425292969 8.81216430664062 2.00286865234375 2.00288391113281 0 7.62939453125e-06 0.7807 0.7807 1.0000 0.0000 2.00289154052734 2.00287628173828 2.00287628173828 2.00286865234375 1.0000 
262144 312.548473358154 91.4739418029785 8.0108642578125e-05 3901557.4762 42.0456771850586 7.4335 42.0456771850586 42.0456771850586 32.7278213500977 32.728401184082 9.31727600097656 2.00142669677734 2.00143051147461 0 0 0.7784 0.7784 1.0000 <error: 2.00143814086914 2.00143051147461 2.00143051147461 2.00142669677734 1.0000 
524288 331.539119720459 97.9747428894043 7.82012939453125e-05 4239560.5366 44.1697864532471 7.5060 44.1697864532471 44.1697864532471 34.3395767211914 34.3399085998535 9.82987785339355 2.00072479248047 2.0007266998291 1.9073486328125e-06 3.814697265625e-06 0.7774 0.7775 1.0000 0.5000 2.0007266998291 2.00072288513184 2.00072288513184 2.00072288513184 1.0000 
1048576 345.473488807678 100.448742866516 8.48770141601562e-05 4070283.2472 46.0397796630859 7.5038 46.0397796630859 46.0397796630859 35.696795463562 35.6969594955444 10.3428201675415 2.00035953521729 2.0003604888916 0 9.5367431640625e-07 0.7753 0.7754 1.0000 0.0000 2.00036144256592 2.00035953521729 2.00035953521729 2.00035953521729 1.0000 
2097152 364.478935241699 106.94459438324 8.58306884765625e-05 4246487.3778 48.1689915657043 7.5667 48.1689915657043 48.1689915657043 37.3157925605774 37.3158740997314 10.8531174659729 2.00018119812012 2.00018167495728 4.76837158203125e-07 9.5367431640625e-07 0.7747 0.7747 1.0000 0.5000 2.00018167495728 2.00018072128296 2.00018072128296 2.00018072128296 1.0000 
4194304 378.471074342728 109.439668893814 8.74996185302734e-05 4325402.5640 50.0462896823883 7.5624 50.0462896823883 50.0462896823883 38.6830503940582 38.6830906867981 11.3631989955902 2.00008988380432 2.0000901222229 0 2.38418579101562e-07 0.7729 0.7729 1.0000 0.0000 2.00009036064148 2.00008988380432 2.00008988380432 2.00008988380432 1.0000 
