#set_size_in_keys sim_num_insn sim_num_refs sim_elapsed_time sim_inst_rate sim_num_branches sim_IPB bpred_bimod.lookups bpred_bimod.updates bpred_bimod.addr_hits bpred_bimod.dir_hits bpred_bimod.misses bpred_bimod.jr_hits bpred_bimod.jr_seen bpred_bimod.jr_non_ras_hits.PP bpred_bimod.jr_non_ras_seen.PP bpred_bimod.bpred_addr_rate bpred_bimod.bpred_dir_rate bpred_bimod.bpred_jr_rate bpred_bimod.bpred_jr_non_ras_rate.PP bpred_bimod.retstack_pushes bpred_bimod.retstack_pops bpred_bimod.used_ras.PP bpred_bimod.ras_hits.PP bpred_bimod.ras_rate.PP
4096 234.58154296875 76.931884765625 0.000244140625 960846.0000 31.889892578125 7.3560 31.889892578125 31.889892578125 25.598388671875 25.631591796875 6.25830078125 2.091796875 2.09228515625 0 0.000244140625 0.8027 0.8038 0.9998 0.0000 2.092529296875 2.092041015625 2.092041015625 2.091796875 0.9999 
8192 247.104125976562 78.965087890625 0.0001220703125 2024277.0000 33.4442138671875 7.3885 33.4442138671875 33.4442138671875 26.7188720703125 26.7349853515625 6.709228515625 2.045654296875 2.0457763671875 0 0 0.7989 0.7994 0.9999 <error: 2.0460205078125 2.0457763671875 2.0457763671875 2.045654296875 0.9999 
16384 265.596435546875 85.4818725585938 0.0001220703125 2175766.0000 35.40478515625 7.5017 35.40478515625 35.40478515625 28.1434936523438 28.1521606445312 7.25262451171875 2.02294921875 2.0230712890625 0 6.103515625e-05 0.7949 0.7952 0.9999 0.0000 2.02313232421875 2.02301025390625 2.02301025390625 2.02294921875 1.0000 
32768 279.590545654297 88.2406005859375 0.0001220703125 2290405.7500 37.2008361816406 7.5157 37.2008361816406 37.2008361816406 29.4542541503906 29.4583435058594 7.74249267578125 2.01141357421875 2.01144409179688 0 0 0.7918 0.7919 1.0000 <error: 2.01150512695312 2.01144409179688 2.01144409179688 2.01141357421875 1.0000 
65536 298.917663574219 95.1388854980469 0.0001220703125 2448733.5000 39.29736328125 7.6066 39.29736328125 39.29736328125 31.0551910400391 31.0572967529297 8.24006652832031 2.0057373046875 2.00576782226562 0 1.52587890625e-05 0.7903 0.7903 1.0000 0.0000 2.00578308105469 2.00575256347656 2.00575256347656 2.0057373046875 1.0000 
131072 313.513633728027 98.1329193115234 0.0001373291015625 2282936.6111 41.1819686889648 7.6129 41.1819686889648 41.1819686889648 32.4282531738281 32.4292678833008 8.75270080566406 2.00285339355469 2.00286102294922 0 0 0.7874 0.7875 1.0000 <error: 2.00287628173828 2.00286102294922 2.00286102294922 2.00285339355469 1.0000 
262144 332.917064666748 105.092376708984 0.00014495849609375 2296637.1316 43.2957458496094 7.6894 43.2957458496094 43.2957458496094 34.0444030761719 34.044921875 9.25082397460938 2.00143432617188 2.00144195556641 0 3.814697265625e-06 0.7863 0.7863 1.0000 0.0000 2.00144577026367 2.00143814086914 2.00143814086914 2.00143432617188 1.0000 
524288 448.915943145752 135.689777374268 0.0001983642578125 2263088.8654 62.3484306335449 7.2001 62.3484306335449 62.3484306335449 50.4428367614746 50.4432067871094 11.9052238464355 3.00076866149902 3.00077056884766 0 1.9073486328125e-06 0.8090 0.8091 1.0000 0.0000 3.00077247619629 3.00076866149902 3.00076866149902 3.00076866149902 1.0000 
1048576 485.498907089233 146.078294754028 0.000214576721191406 2262588.8978 67.5831985473633 7.1837 67.5831985473633 67.5831985473633 55.0884733200073 55.0886631011963 12.494535446167 3.00038433074951 3.00038528442383 0 9.5367431640625e-07 0.8151 0.8151 1.0000 0.0000 3.00038623809814 3.00038433074951 3.00038433074951 3.00038433074951 1.0000 
2097152 515.374047756195 155.085847377777 0.000226020812988281 2280206.1498 71.2378101348877 7.2346 71.2378101348877 71.2378101348877 57.7467212677002 57.7468180656433 13.4909920692444 3.00019216537476 3.00019264221191 0 4.76837158203125e-07 0.8106 0.8106 1.0000 0.0000 3.00019311904907 3.00019216537476 3.00019216537476 3.00019216537476 1.0000 
4194304 552.965142726898 167.222971916199 0.000121116638183594 4565558.8780 75.301522731781 7.3433 75.301522731781 75.301522731781 60.953001499176 60.9530498981476 14.3484728336334 3.00009608268738 3.00009632110596 0 2.38418579101562e-07 0.8095 0.8095 1.0000 0.0000 3.00009655952454 3.00009608268738 3.00009608268738 3.00009608268738 1.0000 
