#set_size_in_keys sim_num_insn sim_num_refs sim_elapsed_time sim_inst_rate sim_num_branches sim_IPB bpred_2lev.lookups bpred_2lev.updates bpred_2lev.addr_hits bpred_2lev.dir_hits bpred_2lev.misses bpred_2lev.jr_hits bpred_2lev.jr_seen bpred_2lev.jr_non_ras_hits.PP bpred_2lev.jr_non_ras_seen.PP bpred_2lev.bpred_addr_rate bpred_2lev.bpred_dir_rate bpred_2lev.bpred_jr_rate bpred_2lev.bpred_jr_non_ras_rate.PP bpred_2lev.retstack_pushes bpred_2lev.retstack_pops bpred_2lev.used_ras.PP bpred_2lev.ras_hits.PP bpred_2lev.ras_rate.PP
4096 234.58154296875 76.931884765625 0.000244140625 960846.0000 31.889892578125 7.3560 31.889892578125 31.889892578125 25.6953125 25.733642578125 6.15625 2.091796875 2.09228515625 0 0.000244140625 0.8058 0.8070 0.9998 0.0000 2.092529296875 2.092041015625 2.092041015625 2.091796875 0.9999 
8192 247.104125976562 78.965087890625 0.0001220703125 2024277.0000 33.4442138671875 7.3885 33.4442138671875 33.4442138671875 26.8602294921875 26.8775634765625 6.566650390625 2.045654296875 2.0457763671875 0 0 0.8031 0.8037 0.9999 <error: 2.0460205078125 2.0457763671875 2.0457763671875 2.045654296875 0.9999 
16384 265.596435546875 85.4818725585938 0.0001220703125 2175766.0000 35.40478515625 7.5017 35.40478515625 35.40478515625 28.4078369140625 28.4170532226562 6.98773193359375 2.02294921875 2.0230712890625 0 6.103515625e-05 0.8024 0.8026 0.9999 0.0000 2.02313232421875 2.02301025390625 2.02301025390625 2.02294921875 1.0000 
32768 279.590545654297 88.2406005859375 0.0001220703125 2290405.7500 37.2008361816406 7.5157 37.2008361816406 37.2008361816406 29.7312622070312 29.7357177734375 7.46511840820312 2.01141357421875 2.01144409179688 0 0 0.7992 0.7993 1.0000 <error: 2.01150512695312 2.01144409179688 2.01144409179688 2.01141357421875 1.0000 
65536 298.917663574219 95.1388854980469 0.0001373291015625 2176652.0000 39.29736328125 7.6066 39.29736328125 39.29736328125 31.3478088378906 31.3500823974609 7.94728088378906 2.0057373046875 2.00576782226562 0 1.52587890625e-05 0.7977 0.7978 1.0000 0.0000 2.00578308105469 2.00575256347656 2.00575256347656 2.0057373046875 1.0000 
131072 313.513633728027 98.1329193115234 0.0001373291015625 2282936.6111 41.1819686889648 7.6129 41.1819686889648 41.1819686889648 32.7443008422852 32.7454376220703 8.43653106689453 2.00285339355469 2.00286102294922 0 0 0.7951 0.7951 1.0000 <error: 2.00287628173828 2.00286102294922 2.00286102294922 2.00285339355469 1.0000 
262144 332.917064666748 105.092376708984 0.00014495849609375 2296637.1316 43.2957458496094 7.6894 43.2957458496094 43.2957458496094 34.3657302856445 34.3663139343262 8.9294319152832 2.00143432617188 2.00144195556641 0 3.814697265625e-06 0.7937 0.7938 1.0000 0.0000 2.00144577026367 2.00143814086914 2.00143814086914 2.00143432617188 1.0000 
524288 448.915943145752 135.689777374268 0.000204086303710938 2199637.7757 62.3484306335449 7.2001 62.3484306335449 62.3484306335449 51.3405876159668 51.3410034179688 11.0074272155762 3.00076866149902 3.00077056884766 0 1.9073486328125e-06 0.8234 0.8235 1.0000 0.0000 3.00077247619629 3.00076866149902 3.00076866149902 3.00076866149902 1.0000 
1048576 485.498907089233 146.078294754028 0.000217437744140625 2232817.9912 67.5831985473633 7.1837 67.5831985473633 67.5831985473633 56.1140556335449 56.1142683029175 11.4689302444458 3.00038433074951 3.00038528442383 0 9.5367431640625e-07 0.8303 0.8303 1.0000 0.0000 3.00038623809814 3.00038433074951 3.00038433074951 3.00038433074951 1.0000 
2097152 515.374047756195 155.085847377777 0.000174045562744141 2961144.4247 71.2378101348877 7.2346 71.2378101348877 71.2378101348877 58.7874765396118 58.7875804901123 12.4502296447754 3.00019216537476 3.00019264221191 0 4.76837158203125e-07 0.8252 0.8252 1.0000 0.0000 3.00019311904907 3.00019216537476 3.00019216537476 3.00019216537476 1.0000 
4194304 552.965142726898 167.222971916199 0.000123739242553711 4468793.6609 75.301522731781 7.3433 75.301522731781 75.301522731781 61.5444047451019 61.5444593429565 13.7570633888245 3.00009608268738 3.00009632110596 0 2.38418579101562e-07 0.8173 0.8173 1.0000 0.0000 3.00009655952454 3.00009608268738 3.00009608268738 3.00009608268738 1.0000 
