#set_size_in_keys sim_num_insn sim_num_refs sim_elapsed_time sim_inst_rate sim_num_branches sim_IPB bpred_bimod.lookups bpred_bimod.updates bpred_bimod.addr_hits bpred_bimod.dir_hits bpred_bimod.misses bpred_bimod.jr_hits bpred_bimod.jr_seen bpred_bimod.jr_non_ras_hits.PP bpred_bimod.jr_non_ras_seen.PP bpred_bimod.bpred_addr_rate bpred_bimod.bpred_dir_rate bpred_bimod.bpred_jr_rate bpred_bimod.bpred_jr_non_ras_rate.PP bpred_bimod.retstack_pushes bpred_bimod.retstack_pops bpred_bimod.used_ras.PP bpred_bimod.ras_hits.PP bpred_bimod.ras_rate.PP
4096 113.6689453125 29.892822265625 0.000244140625 465588.0000 18.749755859375 6.0624 18.749755859375 18.749755859375 13.47705078125 13.505126953125 5.24462890625 0.12060546875 0.12060546875 0 0 0.7188 0.7203 1.0000 <error: 0.12109375 0.12060546875 0.12060546875 0.12060546875 1.0000 
8192 124.4287109375 31.9317626953125 0.0001220703125 1019320.0000 20.66455078125 6.0214 20.66455078125 20.66455078125 15.037841796875 15.05126953125 5.61328125 0.1163330078125 0.1163330078125 0 0 0.7277 0.7284 1.0000 <error: 0.1165771484375 0.1163330078125 0.1163330078125 0.1163330078125 1.0000 
16384 132.069152832031 33.6754150390625 6.103515625e-05 2163821.0000 22.119873046875 5.9706 22.119873046875 22.119873046875 16.1107788085938 16.11767578125 6.002197265625 0.110595703125 0.110595703125 0 0 0.7283 0.7287 1.0000 <error: 0.1107177734375 0.110595703125 0.110595703125 0.110595703125 1.0000 
32768 142.408050537109 35.8126525878906 3.0517578125e-05 4666427.0000 23.9457092285156 5.9471 23.9457092285156 23.9457092285156 17.6373901367188 17.6407470703125 6.30496215820312 0.110137939453125 0.110137939453125 0 0 0.7366 0.7367 1.0000 <error: 0.110198974609375 0.110137939453125 0.110137939453125 0.110137939453125 1.0000 
65536 152.614395141602 38.1317138671875 3.0517578125e-05 5000868.5000 25.7920379638672 5.9171 25.7920379638672 25.7920379638672 18.9280853271484 18.9298706054688 6.86216735839844 0.1077880859375 0.1077880859375 0 0 0.7339 0.7339 1.0000 <error: 0.107818603515625 0.1077880859375 0.1077880859375 0.1077880859375 1.0000 
131072 158.387908935547 39.7153549194336 2.288818359375e-05 6920073.3333 26.8291473388672 5.9036 26.8291473388672 26.8291473388672 19.4059143066406 19.4067840576172 7.42236328125 0.107414245605469 0.107414245605469 0 0 0.7233 0.7233 1.0000 <error: 0.107429504394531 0.107414245605469 0.107414245605469 0.107414245605469 1.0000 
262144 171.74095916748 42.4144630432129 2.288818359375e-05 7503477.0000 29.1703720092773 5.8875 29.1703720092773 29.1703720092773 21.6018409729004 21.6022682189941 7.5681037902832 0.107521057128906 0.107521057128906 0 0 0.7405 0.7406 1.0000 <error: 0.107528686523438 0.107521057128906 0.107521057128906 0.107521057128906 1.0000 
524288 179.478059768677 44.3610591888428 2.47955322265625e-05 7238322.5385 30.6059989929199 5.8641 30.6059989929199 30.6059989929199 22.4658355712891 22.4660606384277 8.13993835449219 0.107288360595703 0.107288360595703 0 0 0.7340 0.7340 1.0000 <error: 0.107292175292969 0.107288360595703 0.107288360595703 0.107288360595703 1.0000 
1048576 191.039273262024 46.802939414978 2.57492065429688e-05 7419229.5185 32.6235208511353 5.8559 32.6235208511353 32.6235208511353 24.208381652832 24.2084856033325 8.41503524780273 0.107253074645996 0.107253074645996 0 0 0.7421 0.7421 1.0000 <error: 0.107254981994629 0.107253074645996 0.107253074645996 0.107253074645996 1.0000 
2097152 197.798816204071 48.5609765052795 2.57492065429688e-05 7681744.1296 33.8722219467163 5.8396 33.8722219467163 33.8722219467163 24.9887313842773 24.9887866973877 8.88343524932861 0.107028484344482 0.107028484344482 0 0 0.7377 0.7377 1.0000 <error: 0.107029438018799 0.107028484344482 0.107028484344482 0.107028484344482 1.0000 
4194304 205.39482665062 50.4792776107788 2.6702880859375e-05 7691860.2054 35.2708470821381 5.8234 35.2708470821381 35.2708470821381 25.8290717601776 25.8290987014771 9.44174838066101 0.107143878936768 0.107143878936768 0 0 0.7323 0.7323 1.0000 <error: 0.107144355773926 0.107143878936768 0.107143878936768 0.107143878936768 1.0000 
