#set_size_in_keys sim_num_insn sim_num_refs sim_elapsed_time sim_inst_rate sim_num_branches sim_IPB bpred_bimod.lookups bpred_bimod.updates bpred_bimod.addr_hits bpred_bimod.dir_hits bpred_bimod.misses bpred_bimod.jr_hits bpred_bimod.jr_seen bpred_bimod.jr_non_ras_hits.PP bpred_bimod.jr_non_ras_seen.PP bpred_bimod.bpred_addr_rate bpred_bimod.bpred_dir_rate bpred_bimod.bpred_jr_rate bpred_bimod.bpred_jr_non_ras_rate.PP bpred_bimod.retstack_pushes bpred_bimod.retstack_pops bpred_bimod.used_ras.PP bpred_bimod.ras_hits.PP bpred_bimod.ras_rate.PP
4096 139.2158203125 58.05224609375 0.000244140625 570228.0000 10.841796875 12.8407 10.841796875 10.841796875 10.71875 10.7451171875 0.0966796875 2.08935546875 2.08935546875 0 0 0.9887 0.9911 1.0000 <error: 2.08984375 2.08935546875 2.08935546875 2.08935546875 1.0000 
8192 136.423583984375 56.595947265625 0.0001220703125 1117582.0000 10.48828125 13.0072 10.48828125 10.48828125 10.3939208984375 10.4073486328125 0.0809326171875 2.045654296875 2.0457763671875 0 0 0.9910 0.9923 0.9999 <error: 2.0460205078125 2.0457763671875 2.0457763671875 2.045654296875 0.9999 
16384 135.01025390625 55.8624267578125 6.103515625e-05 2212008.0000 10.306640625 13.0993 10.306640625 10.306640625 10.2272338867188 10.2341918945312 0.07244873046875 2.0228271484375 2.02288818359375 0 0 0.9923 0.9930 1.0000 <error: 2.02301025390625 2.02288818359375 2.02288818359375 2.0228271484375 1.0000 
32768 134.303649902344 55.495849609375 3.0517578125e-05 4400862.0000 10.2158203125 13.1466 10.2158203125 10.2158203125 10.1438293457031 10.1473083496094 0.068511962890625 2.01141357421875 2.01144409179688 0 0 0.9930 0.9933 1.0000 <error: 2.01150512695312 2.01144409179688 2.01144409179688 2.01141357421875 1.0000 
65536 133.950210571289 55.3124389648438 3.0517578125e-05 4389280.5000 10.17041015625 13.1706 10.17041015625 10.17041015625 10.1021575927734 10.1038970947266 0.0665130615234375 2.00570678710938 2.00572204589844 0 0 0.9933 0.9935 1.0000 <error: 2.00575256347656 2.00572204589844 2.00572204589844 2.00570678710938 1.0000 
131072 133.773498535156 55.2207336425781 3.0517578125e-05 4383490.0000 10.147705078125 13.1826 10.147705078125 10.147705078125 10.0813217163086 10.0821914672852 0.0655136108398438 2.00285339355469 2.00286102294922 0 0 0.9935 0.9935 1.0000 <error: 2.00287628173828 2.00286102294922 2.00286102294922 2.00285339355469 1.0000 
262144 133.685134887695 55.1748809814453 2.6702880859375e-05 5006393.7143 10.1363525390625 13.1887 10.1363525390625 10.1363525390625 10.0709037780762 10.0713386535645 0.0650138854980469 2.00142669677734 2.00143051147461 0 0 0.9935 0.9936 1.0000 <error: 2.00143814086914 2.00143051147461 2.00143051147461 2.00142669677734 1.0000 
524288 133.640953063965 55.1519546508789 2.86102294921875e-05 4671089.8667 10.1306762695312 13.1917 10.1306762695312 10.1306762695312 10.06569480896 10.0659122467041 0.0647640228271484 2.00071334838867 2.0007152557373 0 0 0.9936 0.9936 1.0000 <error: 2.00071907043457 2.0007152557373 2.0007152557373 2.00071334838867 1.0000 
1048576 133.630763053894 55.1493282318115 2.86102294921875e-05 4670733.7000 10.1285943984985 13.1934 10.1285943984985 10.1285943984985 10.0638189315796 10.0639381408691 0.0646562576293945 2.00035953521729 2.0003604888916 0 9.5367431640625e-07 0.9936 0.9936 1.0000 0.0000 2.00036144256592 2.00035953521729 2.00035953521729 2.00035953521729 1.0000 
2097152 133.618166923523 55.1421098709106 2.86102294921875e-05 4670293.4333 10.1271648406982 13.1940 10.1271648406982 10.1271648406982 10.0625190734863 10.0625786781311 0.0645861625671387 2.00017976760864 2.0001802444458 0 4.76837158203125e-07 0.9936 0.9936 1.0000 0.0000 2.00018072128296 2.00017976760864 2.00017976760864 2.00017976760864 1.0000 
4194304 133.611866950989 55.1385006904602 2.83718109130859e-05 4709317.5462 10.1264493465424 13.1943 10.1264493465424 10.1264493465424 10.061868429184 10.0618982315063 0.0645511150360107 2.00008988380432 2.0000901222229 0 2.38418579101562e-07 0.9936 0.9936 1.0000 0.0000 2.00009036064148 2.00008988380432 2.00008988380432 2.00008988380432 1.0000 
