#set_size_in_keys sim_num_insn sim_num_refs sim_elapsed_time sim_inst_rate sim_num_branches sim_IPB bpred_2lev.lookups bpred_2lev.updates bpred_2lev.addr_hits bpred_2lev.dir_hits bpred_2lev.misses bpred_2lev.jr_hits bpred_2lev.jr_seen bpred_2lev.jr_non_ras_hits.PP bpred_2lev.jr_non_ras_seen.PP bpred_2lev.bpred_addr_rate bpred_2lev.bpred_dir_rate bpred_2lev.bpred_jr_rate bpred_2lev.bpred_jr_non_ras_rate.PP bpred_2lev.retstack_pushes bpred_2lev.retstack_pops bpred_2lev.used_ras.PP bpred_2lev.ras_hits.PP bpred_2lev.ras_rate.PP
4096 139.2158203125 58.05224609375 0.000244140625 570228.0000 10.841796875 12.8407 10.841796875 10.841796875 10.6904296875 10.718505859375 0.123291015625 2.08935546875 2.08935546875 0 0 0.9860 0.9886 1.0000 <error: 2.08984375 2.08935546875 2.08935546875 2.08935546875 1.0000 
8192 136.423583984375 56.595947265625 0.0001220703125 1117582.0000 10.48828125 13.0072 10.48828125 10.48828125 10.3753662109375 10.3892822265625 0.0989990234375 2.045654296875 2.0457763671875 0 0 0.9892 0.9906 0.9999 <error: 2.0460205078125 2.0457763671875 2.0457763671875 2.045654296875 0.9999 
16384 135.01025390625 55.8624267578125 6.103515625e-05 2212008.0000 10.306640625 13.0993 10.306640625 10.306640625 10.2161254882812 10.2230834960938 0.08355712890625 2.0228271484375 2.02288818359375 0 0 0.9912 0.9919 1.0000 <error: 2.02301025390625 2.02288818359375 2.02288818359375 2.0228271484375 1.0000 
32768 134.303649902344 55.495849609375 3.0517578125e-05 4400862.0000 10.2158203125 13.1466 10.2158203125 10.2158203125 10.135986328125 10.1393737792969 0.076446533203125 2.01141357421875 2.01144409179688 0 0 0.9922 0.9925 1.0000 <error: 2.01150512695312 2.01144409179688 2.01144409179688 2.01141357421875 1.0000 
65536 133.950210571289 55.3124389648438 3.0517578125e-05 4389280.5000 10.17041015625 13.1706 10.17041015625 10.17041015625 10.0962371826172 10.0979309082031 0.072479248046875 2.00570678710938 2.00572204589844 0 0 0.9927 0.9929 1.0000 <error: 2.00575256347656 2.00572204589844 2.00572204589844 2.00570678710938 1.0000 
131072 133.773498535156 55.2207336425781 3.0517578125e-05 4383490.0000 10.147705078125 13.1826 10.147705078125 10.147705078125 10.0763320922852 10.0771865844727 0.0705184936523438 2.00285339355469 2.00286102294922 0 0 0.9930 0.9931 1.0000 <error: 2.00287628173828 2.00286102294922 2.00286102294922 2.00285339355469 1.0000 
262144 133.685134887695 55.1748809814453 2.6702880859375e-05 5006393.7143 10.1363525390625 13.1887 10.1363525390625 10.1363525390625 10.0663909912109 10.0668182373047 0.0695343017578125 2.00142669677734 2.00143051147461 0 0 0.9931 0.9931 1.0000 <error: 2.00143814086914 2.00143051147461 2.00143051147461 2.00142669677734 1.0000 
524288 133.640953063965 55.1519546508789 2.86102294921875e-05 4671089.8667 10.1306762695312 13.1917 10.1306762695312 10.1306762695312 10.0614223480225 10.0616359710693 0.0690402984619141 2.00071334838867 2.0007152557373 0 0 0.9932 0.9932 1.0000 <error: 2.00071907043457 2.0007152557373 2.0007152557373 2.00071334838867 1.0000 
1048576 133.630763053894 55.1493282318115 3.14712524414062e-05 4246121.5455 10.1285943984985 13.1934 10.1285943984985 10.1285943984985 10.0596618652344 10.0597877502441 0.0688066482543945 2.00035953521729 2.0003604888916 0 9.5367431640625e-07 0.9932 0.9932 1.0000 0.0000 2.00036144256592 2.00035953521729 2.00035953521729 2.00035953521729 1.0000 
2097152 133.618166923523 55.1421098709106 2.90870666503906e-05 4593731.2459 10.1271648406982 13.1940 10.1271648406982 10.1271648406982 10.0584235191345 10.0584864616394 0.0686783790588379 2.00017976760864 2.0001802444458 0 4.76837158203125e-07 0.9932 0.9932 1.0000 0.0000 2.00018072128296 2.00017976760864 2.00017976760864 2.00017976760864 1.0000 
4194304 133.611866950989 55.1385006904602 2.88486480712891e-05 4631477.5868 10.1264493465424 13.1943 10.1264493465424 10.1264493465424 10.0578043460846 10.057835817337 0.0686135292053223 2.00008988380432 2.0000901222229 0 2.38418579101562e-07 0.9932 0.9932 1.0000 0.0000 2.00009036064148 2.00008988380432 2.00008988380432 2.00008988380432 1.0000 
