#set_size_in_keys sim_num_insn sim_num_refs sim_elapsed_time sim_inst_rate sim_num_branches sim_IPB bpred_2lev.lookups bpred_2lev.updates bpred_2lev.addr_hits bpred_2lev.dir_hits bpred_2lev.misses bpred_2lev.jr_hits bpred_2lev.jr_seen bpred_2lev.jr_non_ras_hits.PP bpred_2lev.jr_non_ras_seen.PP bpred_2lev.bpred_addr_rate bpred_2lev.bpred_dir_rate bpred_2lev.bpred_jr_rate bpred_2lev.bpred_jr_non_ras_rate.PP bpred_2lev.retstack_pushes bpred_2lev.retstack_pops bpred_2lev.used_ras.PP bpred_2lev.ras_hits.PP bpred_2lev.ras_rate.PP
4096 246.52197265625 69.335205078125 0.000244140625 1009754.0000 41.395751953125 5.9552 41.395751953125 41.395751953125 33.63818359375 33.672119140625 7.7236328125 3.089111328125 3.089111328125 0 0 0.8126 0.8134 1.0000 <error: 3.089599609375 3.089111328125 3.089111328125 3.089111328125 1.0000 
8192 261.080322265625 72.3802490234375 0.0001220703125 2138770.0000 43.58251953125 5.9905 43.58251953125 43.58251953125 35.3681640625 35.3851318359375 8.1973876953125 3.0455322265625 3.045654296875 0 0 0.8115 0.8119 1.0000 <error: 3.0458984375 3.045654296875 3.045654296875 3.0455322265625 1.0000 
16384 276.476379394531 75.8631591796875 6.103515625e-05 4529789.0000 45.8935546875 6.0243 45.8935546875 45.8935546875 37.152587890625 37.161376953125 8.732177734375 3.02276611328125 3.0228271484375 0 0 0.8095 0.8097 1.0000 <error: 3.02294921875 3.0228271484375 3.0228271484375 3.02276611328125 1.0000 
32768 292.192596435547 79.5547790527344 0.0001220703125 2393641.7500 48.2605895996094 6.0545 48.2605895996094 48.2605895996094 38.9382934570312 38.942626953125 9.31796264648438 3.01138305664062 3.01141357421875 0 0 0.8068 0.8069 1.0000 <error: 3.011474609375 3.01141357421875 3.01141357421875 3.01138305664062 1.0000 
65536 308.784133911133 83.4941711425781 0.0001068115234375 2890925.2857 50.7667083740234 6.0824 50.7667083740234 50.7667083740234 40.8676910400391 40.8698577880859 9.8968505859375 3.00569152832031 3.00570678710938 0 0 0.8050 0.8051 1.0000 <error: 3.0057373046875 3.00570678710938 3.00570678710938 3.00569152832031 1.0000 
131072 325.010185241699 87.3915328979492 0.00016021728515625 2028558.8095 53.2192230224609 6.1070 53.2192230224609 53.2192230224609 42.6992797851562 42.7003860473633 10.5188369750977 3.00284576416016 3.00285339355469 0 0 0.8023 0.8023 1.0000 <error: 3.00286865234375 3.00285339355469 3.00285339355469 3.00284576416016 1.0000 
262144 341.729030609131 91.411003112793 0.00016021728515625 2132909.8810 55.7440567016602 6.1303 55.7440567016602 55.7440567016602 44.6545028686523 44.6550521850586 11.0890045166016 3.00142288208008 3.00142669677734 0 0 0.8011 0.8011 1.0000 <error: 3.00143432617188 3.00142669677734 3.00142669677734 3.00142288208008 1.0000 
524288 358.02222442627 95.349609375 0.000171661376953125 2085630.6222 58.2107849121094 6.1504 58.2107849121094 58.2107849121094 46.4981441497803 46.498420715332 11.7123641967773 3.00071144104004 3.00071334838867 0 0 0.7988 0.7988 1.0000 <error: 3.00071716308594 3.00071334838867 3.00071334838867 3.00071144104004 1.0000 
1048576 374.791726112366 99.3974514007568 0.000134468078613281 2787217.0851 60.7393989562988 6.1705 60.7393989562988 60.7393989562988 48.4389991760254 48.4391508102417 12.3002481460571 3.00035858154297 3.00035953521729 0 9.5367431640625e-07 0.7975 0.7975 1.0000 0.0000 3.0003604888916 3.00035858154297 3.00035858154297 3.00035858154297 1.0000 
2097152 391.09703874588 103.345524311066 9.34600830078125e-05 4184642.5357 63.2098016738892 6.1873 63.2098016738892 63.2098016738892 50.2888741493225 50.2889490127563 12.9208526611328 3.00017929077148 3.00017976760864 0 4.76837158203125e-07 0.7956 0.7956 1.0000 0.0000 3.0001802444458 3.00017929077148 3.00017929077148 3.00017929077148 1.0000 
4194304 407.856253862381 107.388444185257 9.84668731689453e-05 4142065.6586 65.7370686531067 6.2044 65.7370686531067 65.7370686531067 52.223443031311 52.2234809398651 13.5135877132416 3.00008964538574 3.00008988380432 0 2.38418579101562e-07 0.7944 0.7944 1.0000 0.0000 3.0000901222229 3.00008964538574 3.00008964538574 3.00008964538574 1.0000 
