#set_size_in_keys sim_num_insn sim_num_refs sim_elapsed_time sim_inst_rate sim_num_branches sim_IPB bpred_2lev.lookups bpred_2lev.updates bpred_2lev.addr_hits bpred_2lev.dir_hits bpred_2lev.misses bpred_2lev.jr_hits bpred_2lev.jr_seen bpred_2lev.jr_non_ras_hits.PP bpred_2lev.jr_non_ras_seen.PP bpred_2lev.bpred_addr_rate bpred_2lev.bpred_dir_rate bpred_2lev.bpred_jr_rate bpred_2lev.bpred_jr_non_ras_rate.PP bpred_2lev.retstack_pushes bpred_2lev.retstack_pops bpred_2lev.used_ras.PP bpred_2lev.ras_hits.PP bpred_2lev.ras_rate.PP
4096 246.52197265625 69.335205078125 0.000244140625 1009754.0000 41.395751953125 5.9552 41.395751953125 41.395751953125 32.79296875 32.827880859375 8.56787109375 3.089111328125 3.089111328125 0 0 0.7922 0.7930 1.0000 <error: 3.089599609375 3.089111328125 3.089111328125 3.089111328125 1.0000 
8192 261.080322265625 72.3802490234375 0.0001220703125 2138770.0000 43.58251953125 5.9905 43.58251953125 43.58251953125 34.56005859375 34.577392578125 9.005126953125 3.0455322265625 3.045654296875 0 0 0.7930 0.7934 1.0000 <error: 3.0458984375 3.045654296875 3.045654296875 3.0455322265625 1.0000 
16384 276.476379394531 75.8631591796875 6.103515625e-05 4529789.0000 45.8935546875 6.0243 45.8935546875 45.8935546875 36.2717895507812 36.28076171875 9.61279296875 3.02276611328125 3.0228271484375 0 0 0.7903 0.7905 1.0000 <error: 3.02294921875 3.0228271484375 3.0228271484375 3.02276611328125 1.0000 
32768 292.192596435547 79.5547790527344 9.1552734375e-05 3191522.3333 48.2605895996094 6.0545 48.2605895996094 48.2605895996094 38.0984497070312 38.1027526855469 10.1578369140625 3.01138305664062 3.01141357421875 0 0 0.7894 0.7895 1.0000 <error: 3.011474609375 3.01141357421875 3.01141357421875 3.01138305664062 1.0000 
65536 308.784133911133 83.4941711425781 0.0001068115234375 2890925.2857 50.7667083740234 6.0824 50.7667083740234 50.7667083740234 39.9516448974609 39.9538269042969 10.8128814697266 3.00569152832031 3.00570678710938 0 0 0.7870 0.7870 1.0000 <error: 3.0057373046875 3.00570678710938 3.00570678710938 3.00569152832031 1.0000 
131072 325.010185241699 87.3915328979492 0.000152587890625 2129986.7500 53.2192230224609 6.1070 53.2192230224609 53.2192230224609 41.8298492431641 41.8309631347656 11.3882598876953 3.00284576416016 3.00285339355469 0 0 0.7860 0.7860 1.0000 <error: 3.00286865234375 3.00285339355469 3.00285339355469 3.00284576416016 1.0000 
262144 341.729030609131 91.411003112793 0.000164031982421875 2083307.3256 55.7440567016602 6.1303 55.7440567016602 55.7440567016602 43.7170753479004 43.7176246643066 12.0264320373535 3.00142288208008 3.00142669677734 0 0 0.7842 0.7843 1.0000 <error: 3.00143432617188 3.00142669677734 3.00142669677734 3.00142288208008 1.0000 
524288 358.02222442627 95.349609375 0.000173568725585938 2062711.6044 58.2107849121094 6.1504 58.2107849121094 58.2107849121094 45.6122398376465 45.612512588501 12.5982723236084 3.00071144104004 3.00071334838867 0 0 0.7836 0.7836 1.0000 <error: 3.00071716308594 3.00071334838867 3.00071334838867 3.00071144104004 1.0000 
1048576 374.791726112366 99.3974514007568 0.000135421752929688 2767588.7958 60.7393989562988 6.1705 60.7393989562988 60.7393989562988 47.4859304428101 47.4860811233521 13.2533178329468 3.00035858154297 3.00035953521729 0 9.5367431640625e-07 0.7818 0.7818 1.0000 0.0000 3.0003604888916 3.00035858154297 3.00035858154297 3.00035858154297 1.0000 
2097152 391.09703874588 103.345524311066 9.34600830078125e-05 4184642.5357 63.2098016738892 6.1873 63.2098016738892 63.2098016738892 49.390082359314 49.390157699585 13.8196439743042 3.00017929077148 3.00017976760864 0 4.76837158203125e-07 0.7814 0.7814 1.0000 0.0000 3.0001802444458 3.00017929077148 3.00017929077148 3.00017929077148 1.0000 
4194304 407.856253862381 107.388444185257 9.87052917480469e-05 4132060.6691 65.7370686531067 6.2044 65.7370686531067 65.7370686531067 51.261171579361 51.2612099647522 14.4758586883545 3.00008964538574 3.00008988380432 0 2.38418579101562e-07 0.7798 0.7798 1.0000 0.0000 3.0000901222229 3.00008964538574 3.00008964538574 3.00008964538574 1.0000 
