#set_size_in_keys sim_num_insn sim_num_refs sim_elapsed_time sim_inst_rate sim_num_branches sim_IPB bpred_2lev.lookups bpred_2lev.updates bpred_2lev.addr_hits bpred_2lev.dir_hits bpred_2lev.misses bpred_2lev.jr_hits bpred_2lev.jr_seen bpred_2lev.jr_non_ras_hits.PP bpred_2lev.jr_non_ras_seen.PP bpred_2lev.bpred_addr_rate bpred_2lev.bpred_dir_rate bpred_2lev.bpred_jr_rate bpred_2lev.bpred_jr_non_ras_rate.PP bpred_2lev.retstack_pushes bpred_2lev.retstack_pops bpred_2lev.used_ras.PP bpred_2lev.ras_hits.PP bpred_2lev.ras_rate.PP
4096 35.51806640625 17.029052734375 0.000244140625 145482.0000 7.763671875 4.5749 7.763671875 7.763671875 7.63623046875 7.662109375 0.1015625 2.088134765625 2.08837890625 0 0 0.9836 0.9869 0.9999 <error: 2.0888671875 2.08837890625 2.08837890625 2.088134765625 0.9999 
8192 33.557861328125 16.0789794921875 0.0001220703125 274906.0000 7.4443359375 4.5078 7.4443359375 7.4443359375 7.3472900390625 7.3602294921875 0.0841064453125 2.0440673828125 2.044189453125 0 0 0.9870 0.9887 0.9999 <error: 2.04443359375 2.044189453125 2.044189453125 2.0440673828125 0.9999 
16384 32.577392578125 15.6039428710938 6.103515625e-05 533748.0000 7.28466796875 4.4720 7.28466796875 7.28466796875 7.20367431640625 7.2100830078125 0.0745849609375 2.02203369140625 2.0220947265625 0 0 0.9889 0.9898 1.0000 <error: 2.022216796875 2.0220947265625 2.0220947265625 2.02203369140625 1.0000 
32768 32.0872192382812 15.3666076660156 3.0517578125e-05 1051434.0000 7.204833984375 4.4536 7.204833984375 7.204833984375 7.13214111328125 7.13528442382812 0.069549560546875 2.01101684570312 2.01104736328125 0 0 0.9899 0.9903 1.0000 <error: 2.0111083984375 2.01104736328125 2.01104736328125 2.01101684570312 1.0000 
65536 31.8419952392578 15.2478179931641 1.52587890625e-05 2086797.0000 7.1649169921875 4.4442 7.1649169921875 7.1649169921875 7.09634399414062 7.09793090820312 0.066986083984375 2.00550842285156 2.00552368164062 0 0 0.9904 0.9907 1.0000 <error: 2.00555419921875 2.00552368164062 2.00552368164062 2.00550842285156 1.0000 
131072 31.7193908691406 15.1884231567383 7.62939453125e-06 4157524.0000 7.14495849609375 4.4394 7.14495849609375 7.14495849609375 7.07839965820312 7.07920074462891 0.0657577514648438 2.00275421142578 2.00276184082031 0 0 0.9907 0.9908 1.0000 <error: 2.00277709960938 2.00276184082031 2.00276184082031 2.00275421142578 1.0000 
262144 31.6580810546875 15.1587257385254 7.62939453125e-06 4149488.0000 7.13497924804688 4.4370 7.13497924804688 7.13497924804688 7.06943893432617 7.06983947753906 0.0651397705078125 2.00137710571289 2.00138092041016 0 0 0.9908 0.9909 1.0000 <error: 2.00138854980469 2.00138092041016 2.00138092041016 2.00137710571289 1.0000 
524288 31.6274261474609 15.1438770294189 9.5367431640625e-06 3316376.0000 7.12998962402344 4.4358 7.12998962402344 7.12998962402344 7.06496238708496 7.06516265869141 0.0648269653320312 2.00068855285645 2.00069046020508 0 0 0.9909 0.9909 1.0000 <error: 2.00069427490234 2.00069046020508 2.00069046020508 2.00068855285645 1.0000 
1048576 31.6121015548706 15.136456489563 9.5367431640625e-06 3314769.1000 7.12749481201172 4.4352 7.12749481201172 7.12749481201172 7.06272125244141 7.06282043457031 0.0646743774414062 2.00034427642822 2.00034523010254 0 0 0.9909 0.9909 1.0000 <error: 2.00034713745117 2.00034523010254 2.00034523010254 2.00034427642822 1.0000 
2097152 31.604437828064 15.1327443122864 9.05990600585938e-06 3488384.7368 7.12624740600586 4.4349 7.12624740600586 7.12624740600586 7.06160354614258 7.06165361404419 0.0645937919616699 2.00017213821411 2.00017261505127 0 0 0.9909 0.9909 1.0000 <error: 2.00017356872559 2.00017261505127 2.00017261505127 2.00017213821411 1.0000 
4194304 31.6006059646606 15.1308882236481 9.05990600585938e-06 3487961.7895 7.12562370300293 4.4348 7.12562370300293 7.12562370300293 7.06104373931885 7.06106877326965 0.0645549297332764 2.00008606910706 2.00008630752563 0 0 0.9909 0.9909 1.0000 <error: 2.00008678436279 2.00008630752563 2.00008630752563 2.00008606910706 1.0000 
