#set_size_in_keys sim_num_insn sim_num_refs sim_elapsed_time sim_inst_rate sim_num_branches sim_IPB bpred_2lev.lookups bpred_2lev.updates bpred_2lev.addr_hits bpred_2lev.dir_hits bpred_2lev.misses bpred_2lev.jr_hits bpred_2lev.jr_seen bpred_2lev.jr_non_ras_hits.PP bpred_2lev.jr_non_ras_seen.PP bpred_2lev.bpred_addr_rate bpred_2lev.bpred_dir_rate bpred_2lev.bpred_jr_rate bpred_2lev.bpred_jr_non_ras_rate.PP bpred_2lev.retstack_pushes bpred_2lev.retstack_pops bpred_2lev.used_ras.PP bpred_2lev.ras_hits.PP bpred_2lev.ras_rate.PP
4096 113.6689453125 29.892822265625 0.000244140625 465588.0000 18.749755859375 6.0624 18.749755859375 18.749755859375 12.598876953125 12.627197265625 6.12255859375 0.12060546875 0.12060546875 0 0 0.6719 0.6735 1.0000 <error: 0.12109375 0.12060546875 0.12060546875 0.12060546875 1.0000 
8192 124.4287109375 31.9317626953125 0.0001220703125 1019320.0000 20.66455078125 6.0214 20.66455078125 20.66455078125 14.126220703125 14.140869140625 6.523681640625 0.1163330078125 0.1163330078125 0 0 0.6836 0.6843 1.0000 <error: 0.1165771484375 0.1163330078125 0.1163330078125 0.1163330078125 1.0000 
16384 132.069152832031 33.6754150390625 6.103515625e-05 2163821.0000 22.119873046875 5.9706 22.119873046875 22.119873046875 15.1975708007812 15.2048950195312 6.91497802734375 0.110595703125 0.110595703125 0 0 0.6871 0.6874 1.0000 <error: 0.1107177734375 0.110595703125 0.110595703125 0.110595703125 1.0000 
32768 142.408050537109 35.8126525878906 3.0517578125e-05 4666427.0000 23.9457092285156 5.9471 23.9457092285156 23.9457092285156 16.6822814941406 16.685791015625 7.25991821289062 0.110137939453125 0.110137939453125 0 0 0.6967 0.6968 1.0000 <error: 0.110198974609375 0.110137939453125 0.110137939453125 0.110137939453125 1.0000 
65536 152.614395141602 38.1317138671875 1.52587890625e-05 10001737.0000 25.7920379638672 5.9171 25.7920379638672 25.7920379638672 17.9559173583984 17.9577941894531 7.83424377441406 0.1077880859375 0.1077880859375 0 0 0.6962 0.6963 1.0000 <error: 0.107818603515625 0.1077880859375 0.1077880859375 0.1077880859375 1.0000 
131072 158.387908935547 39.7153549194336 1.52587890625e-05 10380110.0000 26.8291473388672 5.9036 26.8291473388672 26.8291473388672 18.4180374145508 18.4188995361328 8.41024780273438 0.107414245605469 0.107414245605469 0 0 0.6865 0.6865 1.0000 <error: 0.107429504394531 0.107414245605469 0.107414245605469 0.107414245605469 1.0000 
262144 171.74095916748 42.4144630432129 1.9073486328125e-05 9004172.4000 29.1703720092773 5.8875 29.1703720092773 29.1703720092773 20.5385704040527 20.5389938354492 8.63137817382812 0.107521057128906 0.107521057128906 0 0 0.7041 0.7041 1.0000 <error: 0.107528686523438 0.107521057128906 0.107521057128906 0.107521057128906 1.0000 
524288 179.478059768677 44.3610591888428 2.288818359375e-05 7841516.0833 30.6059989929199 5.8641 30.6059989929199 30.6059989929199 21.3768863677979 21.3771114349365 9.2288875579834 0.107288360595703 0.107288360595703 0 0 0.6985 0.6985 1.0000 <error: 0.107292175292969 0.107288360595703 0.107288360595703 0.107288360595703 1.0000 
1048576 191.039273262024 46.802939414978 2.38418579101562e-05 8012767.8800 32.6235208511353 5.8559 32.6235208511353 32.6235208511353 23.0793485641479 23.079460144043 9.54406070709229 0.107253074645996 0.107253074645996 0 0 0.7074 0.7074 1.0000 <error: 0.107254981994629 0.107253074645996 0.107253074645996 0.107253074645996 1.0000 
2097152 197.798816204071 48.5609765052795 2.52723693847656e-05 7826682.6981 33.8722219467163 5.8396 33.8722219467163 33.8722219467163 23.8081464767456 23.8082051277161 10.0640168190002 0.107028484344482 0.107028484344482 0 0 0.7029 0.7029 1.0000 <error: 0.107029438018799 0.107028484344482 0.107028484344482 0.107028484344482 1.0000 
4194304 205.39482665062 50.4792776107788 2.59876251220703e-05 7903562.7798 35.2708470821381 5.8234 35.2708470821381 35.2708470821381 24.6079361438751 24.6079638004303 10.6628832817078 0.107143878936768 0.107143878936768 0 0 0.6977 0.6977 1.0000 <error: 0.107144355773926 0.107143878936768 0.107143878936768 0.107143878936768 1.0000 
