#set_size_in_keys sim_num_insn sim_num_refs sim_elapsed_time sim_inst_rate sim_num_branches sim_IPB bpred_2lev.lookups bpred_2lev.updates bpred_2lev.addr_hits bpred_2lev.dir_hits bpred_2lev.misses bpred_2lev.jr_hits bpred_2lev.jr_seen bpred_2lev.jr_non_ras_hits.PP bpred_2lev.jr_non_ras_seen.PP bpred_2lev.bpred_addr_rate bpred_2lev.bpred_dir_rate bpred_2lev.bpred_jr_rate bpred_2lev.bpred_jr_non_ras_rate.PP bpred_2lev.retstack_pushes bpred_2lev.retstack_pops bpred_2lev.used_ras.PP bpred_2lev.ras_hits.PP bpred_2lev.ras_rate.PP
4096 219.8154296875 47.149169921875 0.000244140625 900364.0000 35.490478515625 6.1936 35.490478515625 35.490478515625 27.59814453125 27.625 7.865478515625 0.013427734375 0.013671875 0 0 0.7776 0.7784 0.9821 <error: 0.01416015625 0.013671875 0.013671875 0.013427734375 0.9821 
8192 243.421508789062 51.130859375 0.0001220703125 1994109.0000 39.4735107421875 6.1667 39.4735107421875 39.4735107421875 30.683349609375 30.6966552734375 8.77685546875 0.0067138671875 0.0068359375 0 0 0.7773 0.7777 0.9821 <error: 0.007080078125 0.0068359375 0.0068359375 0.0067138671875 0.9821 
16384 278.366088867188 56.2092895507812 6.103515625e-05 4560750.0000 45.4146118164062 6.1294 45.4146118164062 45.4146118164062 35.4553833007812 35.46240234375 9.95220947265625 0.00335693359375 0.00341796875 0 0 0.7807 0.7809 0.9821 <error: 0.0035400390625 0.00341796875 0.00341796875 0.00335693359375 0.9821 
32768 303.868438720703 60.7448425292969 3.0517578125e-05 9957161.0000 49.6866149902344 6.1157 49.6866149902344 49.6866149902344 38.9490966796875 38.9525146484375 10.7341003417969 0.001678466796875 0.001708984375 0 0 0.7839 0.7840 0.9821 <error: 0.00177001953125 0.001708984375 0.001708984375 0.001678466796875 0.9821 
65536 324.234024047852 70.6089172363281 3.0517578125e-05 10624500.5000 52.4937438964844 6.1766 52.4937438964844 52.4937438964844 41.6481323242188 41.6498718261719 10.8438720703125 0.0008392333984375 0.0008544921875 0 0 0.7934 0.7934 0.9821 <error: 0.000885009765625 0.0008544921875 0.0008544921875 0.0008392333984375 0.9821 
131072 361.584411621094 77.4178695678711 4.57763671875e-05 7898932.0000 58.7116775512695 6.1586 58.7116775512695 58.7116775512695 46.7113952636719 46.712272644043 11.9994049072266 0.00041961669921875 0.00042724609375 0 0 0.7956 0.7956 0.9821 <error: 0.0004425048828125 0.00042724609375 0.00042724609375 0.00041961669921875 0.9821 
262144 371.939960479736 76.6944198608398 0.000335693359375 1107975.3295 60.7059936523438 6.1269 60.7059936523438 60.7059936523438 47.818717956543 47.8191566467285 12.8868370056152 0.000209808349609375 0.000213623046875 0 0 0.7877 0.7877 0.9821 <error: 0.00022125244140625 0.000213623046875 0.000213623046875 0.000209808349609375 0.9821 
524288 399.680500030518 81.1172027587891 5.14984130859375e-05 7761025.5556 65.393238067627 6.1120 65.393238067627 65.393238067627 51.3126277923584 51.3128395080566 14.0803985595703 0.000104904174804688 0.0001068115234375 0 0 0.7847 0.7847 0.9821 <error: 0.000110626220703125 0.0001068115234375 0.0001068115234375 0.000104904174804688 0.9821 
1048576 423.871543884277 84.3878154754639 0.000385284423828125 1100152.2970 69.5398025512695 6.0954 69.5398025512695 69.5398025512695 54.3876514434814 54.3877620697021 15.1520404815674 5.24520874023438e-05 5.340576171875e-05 0 0 0.7821 0.7821 0.9821 <error: 5.53131103515625e-05 5.340576171875e-05 5.340576171875e-05 5.24520874023438e-05 0.9821 
2097152 455.223992347717 91.094021320343 6.15119934082031e-05 7400572.9147 74.676082611084 6.0960 74.676082611084 74.676082611084 58.4962844848633 58.4963369369507 16.1797456741333 2.62260437011719e-05 2.6702880859375e-05 0 0 0.7833 0.7833 0.9821 <error: 2.76565551757812e-05 2.6702880859375e-05 2.6702880859375e-05 2.62260437011719e-05 0.9821 
4194304 475.163735151291 92.0518789291382 0.000423908233642578 1120911.7857 78.2598836421967 6.0716 78.2598836421967 78.2598836421967 61.024304151535 61.0243308544159 17.2355527877808 1.31130218505859e-05 1.33514404296875e-05 0 0 0.7798 0.7798 0.9821 <error: 1.38282775878906e-05 1.33514404296875e-05 1.33514404296875e-05 1.31130218505859e-05 0.9821 
