#set_size_in_keys sim_num_insn sim_num_refs sim_elapsed_time sim_inst_rate sim_num_branches sim_IPB bpred_2lev.lookups bpred_2lev.updates bpred_2lev.addr_hits bpred_2lev.dir_hits bpred_2lev.misses bpred_2lev.jr_hits bpred_2lev.jr_seen bpred_2lev.jr_non_ras_hits.PP bpred_2lev.jr_non_ras_seen.PP bpred_2lev.bpred_addr_rate bpred_2lev.bpred_dir_rate bpred_2lev.bpred_jr_rate bpred_2lev.bpred_jr_non_ras_rate.PP bpred_2lev.retstack_pushes bpred_2lev.retstack_pops bpred_2lev.used_ras.PP bpred_2lev.ras_hits.PP bpred_2lev.ras_rate.PP
4096 219.8154296875 47.149169921875 0.000244140625 900364.0000 35.490478515625 6.1936 35.490478515625 35.490478515625 27.474853515625 27.5029296875 7.987548828125 0.013427734375 0.013671875 0 0 0.7741 0.7749 0.9821 <error: 0.01416015625 0.013671875 0.013671875 0.013427734375 0.9821 
8192 243.421508789062 51.130859375 0.0001220703125 1994109.0000 39.4735107421875 6.1667 39.4735107421875 39.4735107421875 30.5523681640625 30.566162109375 8.9073486328125 0.0067138671875 0.0068359375 0 0 0.7740 0.7743 0.9821 <error: 0.007080078125 0.0068359375 0.0068359375 0.0067138671875 0.9821 
16384 278.366088867188 56.2092895507812 6.103515625e-05 4560750.0000 45.4146118164062 6.1294 45.4146118164062 45.4146118164062 35.2959594726562 35.3028564453125 10.1117553710938 0.00335693359375 0.00341796875 0 0 0.7772 0.7773 0.9821 <error: 0.0035400390625 0.00341796875 0.00341796875 0.00335693359375 0.9821 
32768 303.868438720703 60.7448425292969 3.0517578125e-05 9957161.0000 49.6866149902344 6.1157 49.6866149902344 49.6866149902344 38.7206115722656 38.7242736816406 10.9623413085938 0.001678466796875 0.001708984375 0 0 0.7793 0.7794 0.9821 <error: 0.00177001953125 0.001708984375 0.001708984375 0.001678466796875 0.9821 
65536 324.234024047852 70.6089172363281 4.57763671875e-05 7083000.3333 52.4937438964844 6.1766 52.4937438964844 52.4937438964844 41.36328125 41.3650970458984 11.1286468505859 0.0008392333984375 0.0008544921875 0 0 0.7880 0.7880 0.9821 <error: 0.000885009765625 0.0008544921875 0.0008544921875 0.0008392333984375 0.9821 
131072 361.584411621094 77.4178695678711 4.57763671875e-05 7898932.0000 58.7116775512695 6.1586 58.7116775512695 58.7116775512695 46.4093704223633 46.4102935791016 12.301383972168 0.00041961669921875 0.00042724609375 0 0 0.7905 0.7905 0.9821 <error: 0.0004425048828125 0.00042724609375 0.00042724609375 0.00041961669921875 0.9821 
262144 371.939960479736 76.6944198608398 0.000339508056640625 1095526.1685 60.7059936523438 6.1269 60.7059936523438 60.7059936523438 47.5580596923828 47.558536529541 13.1474571228027 0.000209808349609375 0.000213623046875 0 0 0.7834 0.7834 0.9821 <error: 0.00022125244140625 0.000213623046875 0.000213623046875 0.000209808349609375 0.9821 
524288 399.680500030518 81.1172027587891 4.9591064453125e-05 8059526.5385 65.393238067627 6.1120 65.393238067627 65.393238067627 51.0627460479736 51.0629653930664 14.3302726745605 0.000104904174804688 0.0001068115234375 0 0 0.7809 0.7809 0.9821 <error: 0.000110626220703125 0.0001068115234375 0.0001068115234375 0.000104904174804688 0.9821 
1048576 423.871543884277 84.3878154754639 0.000386238098144531 1097435.8716 69.5398025512695 6.0954 69.5398025512695 69.5398025512695 54.1467533111572 54.1468715667725 15.3929309844971 5.24520874023438e-05 5.340576171875e-05 0 0 0.7786 0.7786 0.9821 <error: 5.53131103515625e-05 5.340576171875e-05 5.340576171875e-05 5.24520874023438e-05 0.9821 
2097152 455.223992347717 91.094021320343 5.91278076171875e-05 7698983.1129 74.676082611084 6.0960 74.676082611084 74.676082611084 58.2500367164612 58.2500925064087 16.4259901046753 2.62260437011719e-05 2.6702880859375e-05 0 0 0.7800 0.7800 0.9821 <error: 2.76565551757812e-05 2.6702880859375e-05 2.6702880859375e-05 2.62260437011719e-05 0.9821 
4194304 475.163735151291 92.0518789291382 0.000424623489379883 1119023.6693 78.2598836421967 6.0716 78.2598836421967 78.2598836421967 60.8069498538971 60.8069775104523 17.4529061317444 1.31130218505859e-05 1.33514404296875e-05 0 0 0.7770 0.7770 0.9821 <error: 1.38282775878906e-05 1.33514404296875e-05 1.33514404296875e-05 1.31130218505859e-05 0.9821 
