#set_size_in_keys sim_num_insn sim_num_refs sim_elapsed_time sim_inst_rate sim_num_branches sim_IPB bpred_2lev.lookups bpred_2lev.updates bpred_2lev.addr_hits bpred_2lev.dir_hits bpred_2lev.misses bpred_2lev.jr_hits bpred_2lev.jr_seen bpred_2lev.jr_non_ras_hits.PP bpred_2lev.jr_non_ras_seen.PP bpred_2lev.bpred_addr_rate bpred_2lev.bpred_dir_rate bpred_2lev.bpred_jr_rate bpred_2lev.bpred_jr_non_ras_rate.PP bpred_2lev.retstack_pushes bpred_2lev.retstack_pops bpred_2lev.used_ras.PP bpred_2lev.ras_hits.PP bpred_2lev.ras_rate.PP
4096 113.6689453125 29.892822265625 0.000244140625 465588.0000 18.749755859375 6.0624 18.749755859375 18.749755859375 12.388671875 12.417724609375 6.33203125 0.12060546875 0.12060546875 0 0 0.6607 0.6623 1.0000 <error: 0.12109375 0.12060546875 0.12060546875 0.12060546875 1.0000 
8192 124.4287109375 31.9317626953125 0.0001220703125 1019320.0000 20.66455078125 6.0214 20.66455078125 20.66455078125 13.829833984375 13.8443603515625 6.8201904296875 0.1163330078125 0.1163330078125 0 0 0.6693 0.6700 1.0000 <error: 0.1165771484375 0.1163330078125 0.1163330078125 0.1163330078125 1.0000 
16384 132.069152832031 33.6754150390625 6.103515625e-05 2163821.0000 22.119873046875 5.9706 22.119873046875 22.119873046875 14.8959350585938 14.903564453125 7.21630859375 0.110595703125 0.110595703125 0 0 0.6734 0.6738 1.0000 <error: 0.1107177734375 0.110595703125 0.110595703125 0.110595703125 1.0000 
32768 142.408050537109 35.8126525878906 3.0517578125e-05 4666427.0000 23.9457092285156 5.9471 23.9457092285156 23.9457092285156 16.3707885742188 16.3741455078125 7.57156372070312 0.110137939453125 0.110137939453125 0 0 0.6837 0.6838 1.0000 <error: 0.110198974609375 0.110137939453125 0.110137939453125 0.110137939453125 1.0000 
65536 152.614395141602 38.1317138671875 1.52587890625e-05 10001737.0000 25.7920379638672 5.9171 25.7920379638672 25.7920379638672 17.6559448242188 17.65771484375 8.13432312011719 0.1077880859375 0.1077880859375 0 0 0.6846 0.6846 1.0000 <error: 0.107818603515625 0.1077880859375 0.1077880859375 0.1077880859375 1.0000 
131072 158.387908935547 39.7153549194336 2.288818359375e-05 6920073.3333 26.8291473388672 5.9036 26.8291473388672 26.8291473388672 18.1159286499023 18.1167907714844 8.71235656738281 0.107414245605469 0.107414245605469 0 0 0.6752 0.6753 1.0000 <error: 0.107429504394531 0.107414245605469 0.107414245605469 0.107414245605469 1.0000 
262144 171.74095916748 42.4144630432129 2.288818359375e-05 7503477.0000 29.1703720092773 5.8875 29.1703720092773 29.1703720092773 20.2336769104004 20.2341041564941 8.9362678527832 0.107521057128906 0.107521057128906 0 0 0.6936 0.6937 1.0000 <error: 0.107528686523438 0.107521057128906 0.107521057128906 0.107521057128906 1.0000 
524288 179.478059768677 44.3610591888428 2.288818359375e-05 7841516.0833 30.6059989929199 5.8641 30.6059989929199 30.6059989929199 21.0731010437012 21.0733261108398 9.53267288208008 0.107288360595703 0.107288360595703 0 0 0.6885 0.6885 1.0000 <error: 0.107292175292969 0.107288360595703 0.107288360595703 0.107288360595703 1.0000 
1048576 191.039273262024 46.802939414978 2.47955322265625e-05 7704584.5000 32.6235208511353 5.8559 32.6235208511353 32.6235208511353 22.7755870819092 22.7756958007812 9.847825050354 0.107253074645996 0.107253074645996 0 0 0.6981 0.6981 1.0000 <error: 0.107254981994629 0.107253074645996 0.107253074645996 0.107253074645996 1.0000 
2097152 197.798816204071 48.5609765052795 2.47955322265625e-05 7977195.8269 33.8722219467163 5.8396 33.8722219467163 33.8722219467163 23.504132270813 23.5041890144348 10.3680329322815 0.107028484344482 0.107028484344482 0 0 0.6939 0.6939 1.0000 <error: 0.107029438018799 0.107028484344482 0.107028484344482 0.107028484344482 1.0000 
4194304 205.39482665062 50.4792776107788 2.62260437011719e-05 7831712.2091 35.2708470821381 5.8234 35.2708470821381 35.2708470821381 24.3032238483429 24.3032503128052 10.9675967693329 0.107143878936768 0.107143878936768 0 0 0.6890 0.6890 1.0000 <error: 0.107144355773926 0.107143878936768 0.107143878936768 0.107143878936768 1.0000 
