#set_size_in_keys sim_num_insn sim_num_refs sim_elapsed_time sim_inst_rate sim_num_branches sim_IPB bpred_2lev.lookups bpred_2lev.updates bpred_2lev.addr_hits bpred_2lev.dir_hits bpred_2lev.misses bpred_2lev.jr_hits bpred_2lev.jr_seen bpred_2lev.jr_non_ras_hits.PP bpred_2lev.jr_non_ras_seen.PP bpred_2lev.bpred_addr_rate bpred_2lev.bpred_dir_rate bpred_2lev.bpred_jr_rate bpred_2lev.bpred_jr_non_ras_rate.PP bpred_2lev.retstack_pushes bpred_2lev.retstack_pops bpred_2lev.used_ras.PP bpred_2lev.ras_hits.PP bpred_2lev.ras_rate.PP
4096 113.750244140625 29.92529296875 0.000244140625 465921.0000 18.762939453125 6.0625 18.762939453125 18.762939453125 12.48291015625 12.51123046875 6.251708984375 0.120849609375 0.120849609375 0 0 0.6653 0.6668 1.0000 <error: 0.121337890625 0.120849609375 0.120849609375 0.120849609375 1.0000 
8192 124.469360351562 31.947998046875 0.0001220703125 1019653.0000 20.671142578125 6.0214 20.671142578125 20.671142578125 13.9686279296875 13.9832763671875 6.6878662109375 0.116455078125 0.116455078125 0 0 0.6758 0.6765 1.0000 <error: 0.11669921875 0.116455078125 0.116455078125 0.116455078125 1.0000 
16384 132.080688476562 33.6801147460938 6.103515625e-05 2164010.0000 22.1217041015625 5.9706 22.1217041015625 22.1217041015625 15.0367431640625 15.0432739257812 7.07843017578125 0.11065673828125 0.11065673828125 0 0 0.6797 0.6800 1.0000 <error: 0.11077880859375 0.11065673828125 0.11065673828125 0.11065673828125 1.0000 
32768 142.413818359375 35.8150024414062 3.0517578125e-05 4666616.0000 23.9466247558594 5.9471 23.9466247558594 23.9466247558594 16.4952087402344 16.4986572265625 7.44796752929688 0.11016845703125 0.11016845703125 0 0 0.6888 0.6890 1.0000 <error: 0.1102294921875 0.11016845703125 0.11016845703125 0.11016845703125 1.0000 
65536 152.617279052734 38.1328887939453 3.0517578125e-05 5000963.0000 25.7924957275391 5.9171 25.7924957275391 25.7924957275391 17.7654876708984 17.7673645019531 8.02513122558594 0.107803344726562 0.107803344726562 0 0 0.6888 0.6889 1.0000 <error: 0.107833862304688 0.107803344726562 0.107803344726562 0.107803344726562 1.0000 
131072 158.389350891113 39.7159423828125 2.288818359375e-05 6920136.3333 26.8293762207031 5.9036 26.8293762207031 26.8293762207031 18.2434234619141 18.2443237304688 8.58505249023438 0.107421875 0.107421875 0 0 0.6800 0.6800 1.0000 <error: 0.107437133789062 0.107421875 0.107421875 0.107421875 1.0000 
262144 171.741680145264 42.4147567749023 2.288818359375e-05 7503508.5000 29.1704864501953 5.8875 29.1704864501953 29.1704864501953 20.3462677001953 20.3467254638672 8.82376098632812 0.107524871826172 0.107524871826172 0 0 0.6975 0.6975 1.0000 <error: 0.107532501220703 0.107524871826172 0.107524871826172 0.107524871826172 1.0000 
524288 179.478420257568 44.3612060546875 2.288818359375e-05 7841531.8333 30.6060562133789 5.8641 30.6060562133789 30.6060562133789 21.1883239746094 21.188549041748 9.41750717163086 0.107290267944336 0.107290267944336 0 0 0.6923 0.6923 1.0000 <error: 0.107294082641602 0.107290267944336 0.107290267944336 0.107290267944336 1.0000 
1048576 191.03945350647 46.8030128479004 2.38418579101562e-05 8012775.4400 32.6235494613647 5.8559 32.6235494613647 32.6235494613647 22.8933401107788 22.8934526443481 9.7300968170166 0.107254028320312 0.107254028320312 0 0 0.7017 0.7017 1.0000 <error: 0.107255935668945 0.107254028320312 0.107254028320312 0.107254028320312 1.0000 
2097152 290.054092884064 67.878707408905 3.91006469726562e-05 7418140.5000 52.2616596221924 5.5500 52.2616596221924 52.2616596221924 41.5537915229797 41.5538754463196 10.7077841758728 0.115317821502686 0.115318298339844 0 4.76837158203125e-07 0.7951 0.7951 1.0000 0.0000 0.115318775177002 0.115317821502686 0.115317821502686 0.115317821502686 1.0000 
4194304 337.634333848953 77.6275675296783 4.62532043457031e-05 7299696.0670 64.8043780326843 5.2101 64.8043780326843 64.8043780326843 54.677463054657 54.6775045394897 10.1268734931946 0.107814788818359 0.107815027236938 0 2.38418579101562e-07 0.8437 0.8437 1.0000 0.0000 0.107815265655518 0.107814788818359 0.107814788818359 0.107814788818359 1.0000 
