#set_size_in_keys sim_num_insn sim_num_refs sim_elapsed_time sim_inst_rate sim_num_branches sim_IPB bpred_2lev.lookups bpred_2lev.updates bpred_2lev.addr_hits bpred_2lev.dir_hits bpred_2lev.misses bpred_2lev.jr_hits bpred_2lev.jr_seen bpred_2lev.jr_non_ras_hits.PP bpred_2lev.jr_non_ras_seen.PP bpred_2lev.bpred_addr_rate bpred_2lev.bpred_dir_rate bpred_2lev.bpred_jr_rate bpred_2lev.bpred_jr_non_ras_rate.PP bpred_2lev.retstack_pushes bpred_2lev.retstack_pops bpred_2lev.used_ras.PP bpred_2lev.ras_hits.PP bpred_2lev.ras_rate.PP
4096 189.5185546875 55.93798828125 0.000244140625 776268.0000 23.119384765625 8.1974 23.119384765625 23.119384765625 16.83837890625 16.870361328125 6.2490234375 0.0166015625 0.016845703125 0 0 0.7283 0.7297 0.9855 <error: 0.017333984375 0.016845703125 0.016845703125 0.0166015625 0.9855 
8192 207.87744140625 62.3851318359375 0.0001220703125 1702932.0000 25.108154296875 8.2793 25.108154296875 25.108154296875 18.3887939453125 18.4051513671875 6.7030029296875 0.008544921875 0.0087890625 0 0.0001220703125 0.7324 0.7330 0.9722 0.0000 0.0089111328125 0.0086669921875 0.0086669921875 0.008544921875 0.9859 
16384 221.975646972656 65.159912109375 6.103515625e-05 3636849.0000 26.9371337890625 8.2405 26.9371337890625 26.9371337890625 19.7559814453125 19.7632446289062 7.17388916015625 0.004150390625 0.00421142578125 0 0 0.7334 0.7337 0.9855 <error: 0.00433349609375 0.00421142578125 0.00421142578125 0.004150390625 0.9855 
32768 241.149475097656 72.008544921875 3.0517578125e-05 7901986.0000 29.0269775390625 8.3078 29.0269775390625 29.0269775390625 21.36181640625 21.3660278320312 7.66094970703125 0.00213623046875 0.002197265625 0 3.0517578125e-05 0.7359 0.7361 0.9722 0.0000 0.002227783203125 0.002166748046875 0.002166748046875 0.00213623046875 0.9859 
65536 255.694488525391 74.9871368408203 1.52587890625e-05 16757194.0000 30.9106903076172 8.2720 30.9106903076172 30.9106903076172 22.7432861328125 22.7453765869141 8.16531372070312 0.00103759765625 0.0010528564453125 0 0 0.7358 0.7358 0.9855 <error: 0.0010833740234375 0.0010528564453125 0.0010528564453125 0.00103759765625 0.9855 
131072 275.044746398926 81.9288177490234 2.288818359375e-05 12016888.3333 33.0215530395508 8.3292 33.0215530395508 33.0215530395508 24.3438262939453 24.3448867797852 8.67666625976562 0.0005340576171875 0.00054931640625 0 7.62939453125e-06 0.7372 0.7372 0.9722 0.0000 0.00055694580078125 0.00054168701171875 0.00054168701171875 0.0005340576171875 0.9859 
262144 289.559871673584 84.9228935241699 3.0517578125e-05 9488297.8750 34.9015617370605 8.2965 34.9015617370605 34.9015617370605 25.7182006835938 25.7187232971191 9.18283843994141 0.0002593994140625 0.000263214111328125 0 0 0.7369 0.7369 0.9855 <error: 0.000270843505859375 0.000263214111328125 0.000263214111328125 0.0002593994140625 0.9855 
524288 409.396152496338 119.510377883911 4.57763671875e-05 8943395.4167 54.138801574707 7.5620 54.138801574707 54.138801574707 42.5560646057129 42.5564632415771 11.5823383331299 1.00019073486328 1.00019264221191 1.9073486328125e-06 3.814697265625e-06 0.7861 0.7861 1.0000 0.5000 1.00019264221191 1.00018882751465 1.00018882751465 1.00018882751465 1.0000 
1048576 446.144903182983 129.928642272949 4.9591064453125e-05 8996477.6538 59.9504985809326 7.4419 59.9504985809326 59.9504985809326 47.7786703109741 47.7788782119751 12.1716203689575 1.00009536743164 1.00009632110596 9.5367431640625e-07 1.9073486328125e-06 0.7970 0.7970 1.0000 0.5000 1.00009632110596 1.00009441375732 1.00009441375732 1.00009441375732 1.0000 
2097152 476.097208976746 138.956603527069 5.24520874023438e-05 9076801.9455 63.9120826721191 7.4493 63.9120826721191 63.9120826721191 50.5600485801697 50.5601539611816 13.3519287109375 1.00004768371582 1.00004816055298 4.76837158203125e-07 9.5367431640625e-07 0.7911 0.7911 1.0000 0.5000 1.00004816055298 1.00004720687866 1.00004720687866 1.00004720687866 1.0000 
4194304 513.721685647964 151.099605798721 5.67436218261719e-05 9053382.0210 68.1821520328522 7.5345 68.1821520328522 68.1821520328522 53.2246351242065 53.2246859073639 14.9574661254883 1.00002384185791 1.00002408027649 2.38418579101562e-07 4.76837158203125e-07 0.7806 0.7806 1.0000 0.5000 1.00002408027649 1.00002360343933 1.00002360343933 1.00002360343933 1.0000 
