#set_size_in_keys sim_num_insn sim_num_refs sim_elapsed_time sim_inst_rate sim_num_branches sim_IPB bpred_bimod.lookups bpred_bimod.updates bpred_bimod.addr_hits bpred_bimod.dir_hits bpred_bimod.misses bpred_bimod.jr_hits bpred_bimod.jr_seen bpred_bimod.jr_non_ras_hits.PP bpred_bimod.jr_non_ras_seen.PP bpred_bimod.bpred_addr_rate bpred_bimod.bpred_dir_rate bpred_bimod.bpred_jr_rate bpred_bimod.bpred_jr_non_ras_rate.PP bpred_bimod.retstack_pushes bpred_bimod.retstack_pops bpred_bimod.used_ras.PP bpred_bimod.ras_hits.PP bpred_bimod.ras_rate.PP
4096 217.146484375 66.305908203125 0.000244140625 889432.0000 30.622314453125 7.0911 30.622314453125 30.622314453125 24.404296875 24.433837890625 6.1884765625 2.089111328125 2.089111328125 0 0 0.7969 0.7979 1.0000 <error: 2.089599609375 2.089111328125 2.089111328125 2.089111328125 1.0000 
8192 234.237670898438 71.856689453125 0.0001220703125 1918875.0000 32.4432373046875 7.2199 32.4432373046875 32.4432373046875 25.7528076171875 25.768798828125 6.6744384765625 2.0457763671875 2.0460205078125 0 0.0001220703125 0.7938 0.7943 0.9999 0.0000 2.046142578125 2.0458984375 2.0458984375 2.0457763671875 0.9999 
16384 247.230346679688 73.8750610351562 6.103515625e-05 4050622.0000 34.15283203125 7.2389 34.15283203125 34.15283203125 26.9572143554688 26.9649047851562 7.18792724609375 2.02276611328125 2.0228271484375 0 0 0.7893 0.7895 1.0000 <error: 2.02294921875 2.0228271484375 2.0228271484375 2.02276611328125 1.0000 
32768 265.734771728516 80.136962890625 6.103515625e-05 4353798.5000 36.2005920410156 7.3406 36.2005920410156 36.2005920410156 28.5174865722656 28.5215148925781 7.6790771484375 2.01144409179688 2.01150512695312 0 3.0517578125e-05 0.7878 0.7879 1.0000 0.0000 2.01153564453125 2.011474609375 2.011474609375 2.01144409179688 1.0000 
65536 279.55729675293 82.5308990478516 6.103515625e-05 4580266.7500 38.046875 7.3477 38.046875 38.046875 29.8680267333984 29.8699645996094 8.17691040039062 2.00569152832031 2.00570678710938 0 0 0.7850 0.7851 1.0000 <error: 2.0057373046875 2.00570678710938 2.00570678710938 2.00569152832031 1.0000 
131072 298.642028808594 89.0118865966797 6.103515625e-05 4892951.0000 40.1819000244141 7.4323 40.1819000244141 40.1819000244141 31.4909515380859 31.4919586181641 8.68994140625 2.00286102294922 2.00287628173828 0 7.62939453125e-06 0.7837 0.7837 1.0000 0.0000 2.00288391113281 2.00286865234375 2.00286865234375 2.00286102294922 1.0000 
262144 312.547954559326 91.4738807678223 6.866455078125e-05 4551809.5000 42.0456199645996 7.4335 42.0456199645996 42.0456199645996 32.8569869995117 32.8574676513672 9.18815231323242 2.00142288208008 2.00142669677734 0 0 0.7815 0.7815 1.0000 <error: 2.00143432617188 2.00142669677734 2.00142669677734 2.00142288208008 1.0000 
524288 331.514713287354 97.9570465087891 7.43865966796875e-05 4456645.7949 44.1682147979736 7.5057 44.1682147979736 44.1682147979736 34.4768619537354 34.4771137237549 9.69110107421875 2.0007152557373 2.00071907043457 0 1.9073486328125e-06 0.7806 0.7806 1.0000 0.0000 2.0007209777832 2.00071716308594 2.00071716308594 2.0007152557373 1.0000 
1048576 345.472871780396 100.448727607727 7.72476196289062e-05 4472278.5432 46.0397310256958 7.5038 46.0397310256958 46.0397310256958 35.8481998443604 35.8483304977417 10.1914005279541 2.00035858154297 2.00035953521729 0 9.5367431640625e-07 0.7786 0.7786 1.0000 0.0000 2.0003604888916 2.00035858154297 2.00035858154297 2.00035858154297 1.0000 
2097152 364.478315353394 106.944586753845 8.15391540527344e-05 4469979.1111 48.1689481735229 7.5667 48.1689481735229 48.1689481735229 37.4755182266235 37.4755840301514 10.6933641433716 2.00018072128296 2.00018119812012 4.76837158203125e-07 9.5367431640625e-07 0.7780 0.7780 1.0000 0.5000 2.00018119812012 2.0001802444458 2.0001802444458 2.0001802444458 1.0000 
4194304 378.470454692841 109.439665079117 8.46385955810547e-05 4471606.0338 50.0462489128113 7.5624 50.0462489128113 50.0462489128113 38.8547377586365 38.8547704219818 11.1914784908295 2.00008964538574 2.00008988380432 0 2.38418579101562e-07 0.7764 0.7764 1.0000 0.0000 2.0000901222229 2.00008964538574 2.00008964538574 2.00008964538574 1.0000 
