#set_size_in_keys sim_num_insn sim_num_refs sim_elapsed_time sim_inst_rate sim_num_branches sim_IPB bpred_2lev.lookups bpred_2lev.updates bpred_2lev.addr_hits bpred_2lev.dir_hits bpred_2lev.misses bpred_2lev.jr_hits bpred_2lev.jr_seen bpred_2lev.jr_non_ras_hits.PP bpred_2lev.jr_non_ras_seen.PP bpred_2lev.bpred_addr_rate bpred_2lev.bpred_dir_rate bpred_2lev.bpred_jr_rate bpred_2lev.bpred_jr_non_ras_rate.PP bpred_2lev.retstack_pushes bpred_2lev.retstack_pops bpred_2lev.used_ras.PP bpred_2lev.ras_hits.PP bpred_2lev.ras_rate.PP
4096 113.6689453125 29.892822265625 0.000244140625 465588.0000 18.749755859375 6.0624 18.749755859375 18.749755859375 13.037841796875 13.06591796875 5.683837890625 0.12060546875 0.12060546875 0 0 0.6954 0.6969 1.0000 <error: 0.12109375 0.12060546875 0.12060546875 0.12060546875 1.0000 
8192 124.4287109375 31.9317626953125 0.0001220703125 1019320.0000 20.66455078125 6.0214 20.66455078125 20.66455078125 14.5870361328125 14.6014404296875 6.0631103515625 0.1163330078125 0.1163330078125 0 0 0.7059 0.7066 1.0000 <error: 0.1165771484375 0.1163330078125 0.1163330078125 0.1163330078125 1.0000 
16384 132.069152832031 33.6754150390625 6.103515625e-05 2163821.0000 22.119873046875 5.9706 22.119873046875 22.119873046875 15.6920776367188 15.69921875 6.420654296875 0.110595703125 0.110595703125 0 0 0.7094 0.7097 1.0000 <error: 0.1107177734375 0.110595703125 0.110595703125 0.110595703125 1.0000 
32768 142.408050537109 35.8126525878906 3.0517578125e-05 4666427.0000 23.9457092285156 5.9471 23.9457092285156 23.9457092285156 17.1899719238281 17.1934204101562 6.75228881835938 0.110137939453125 0.110137939453125 0 0 0.7179 0.7180 1.0000 <error: 0.110198974609375 0.110137939453125 0.110137939453125 0.110137939453125 1.0000 
65536 152.614395141602 38.1317138671875 3.0517578125e-05 5000868.5000 25.7920379638672 5.9171 25.7920379638672 25.7920379638672 18.5145568847656 18.516357421875 7.27568054199219 0.1077880859375 0.1077880859375 0 0 0.7178 0.7179 1.0000 <error: 0.107818603515625 0.1077880859375 0.1077880859375 0.1077880859375 1.0000 
131072 158.387908935547 39.7153549194336 2.288818359375e-05 6920073.3333 26.8291473388672 5.9036 26.8291473388672 26.8291473388672 18.9718551635742 18.9727554321289 7.85639190673828 0.107414245605469 0.107414245605469 0 0 0.7071 0.7072 1.0000 <error: 0.107429504394531 0.107414245605469 0.107414245605469 0.107414245605469 1.0000 
262144 171.74095916748 42.4144630432129 2.288818359375e-05 7503477.0000 29.1703720092773 5.8875 29.1703720092773 29.1703720092773 21.1150932312012 21.1155319213867 8.05484008789062 0.107521057128906 0.107521057128906 0 0 0.7239 0.7239 1.0000 <error: 0.107528686523438 0.107521057128906 0.107521057128906 0.107521057128906 1.0000 
524288 179.478059768677 44.3610591888428 2.47955322265625e-05 7238322.5385 30.6059989929199 5.8641 30.6059989929199 30.6059989929199 21.9976940155029 21.9979190826416 8.60807991027832 0.107288360595703 0.107288360595703 0 0 0.7187 0.7187 1.0000 <error: 0.107292175292969 0.107288360595703 0.107288360595703 0.107288360595703 1.0000 
1048576 191.039273262024 46.802939414978 2.57492065429688e-05 7419229.5185 32.6235208511353 5.8559 32.6235208511353 32.6235208511353 23.705696105957 23.7058095932007 8.91771125793457 0.107253074645996 0.107253074645996 0 0 0.7266 0.7266 1.0000 <error: 0.107254981994629 0.107253074645996 0.107253074645996 0.107253074645996 1.0000 
2097152 197.798816204071 48.5609765052795 2.62260437011719e-05 7542076.0545 33.8722219467163 5.8396 33.8722219467163 33.8722219467163 24.4502825737 24.4503417015076 9.42188024520874 0.107028484344482 0.107028484344482 0 0 0.7218 0.7218 1.0000 <error: 0.107029438018799 0.107028484344482 0.107028484344482 0.107028484344482 1.0000 
4194304 205.39482665062 50.4792776107788 2.76565551757812e-05 7426623.6466 35.2708470821381 5.8234 35.2708470821381 35.2708470821381 25.2897658348083 25.2897932529449 9.98105382919312 0.107143878936768 0.107143878936768 0 0 0.7170 0.7170 1.0000 <error: 0.107144355773926 0.107143878936768 0.107143878936768 0.107143878936768 1.0000 
