#set_size_in_keys sim_num_insn sim_num_refs sim_elapsed_time sim_inst_rate sim_num_branches sim_IPB bpred_2lev.lookups bpred_2lev.updates bpred_2lev.addr_hits bpred_2lev.dir_hits bpred_2lev.misses bpred_2lev.jr_hits bpred_2lev.jr_seen bpred_2lev.jr_non_ras_hits.PP bpred_2lev.jr_non_ras_seen.PP bpred_2lev.bpred_addr_rate bpred_2lev.bpred_dir_rate bpred_2lev.bpred_jr_rate bpred_2lev.bpred_jr_non_ras_rate.PP bpred_2lev.retstack_pushes bpred_2lev.retstack_pops bpred_2lev.used_ras.PP bpred_2lev.ras_hits.PP bpred_2lev.ras_rate.PP
4096 105.247314453125 41.910888671875 0.000244140625 431093.0000 3.2734375 32.1519 3.2734375 3.2734375 3.2060546875 3.23046875 0.04296875 0.014404296875 0.014404296875 0 0 0.9794 0.9869 1.0000 <error: 0.014892578125 0.014404296875 0.014404296875 0.014404296875 1.0000 
8192 103.640991210938 40.9608154296875 0.0001220703125 849027.0000 3.1416015625 32.9899 3.1416015625 3.1416015625 3.1080322265625 3.12060546875 0.02099609375 0.0081787109375 0.00830078125 0 0 0.9893 0.9933 0.9853 <error: 0.008544921875 0.00830078125 0.00830078125 0.0081787109375 0.9853 
16384 102.820617675781 40.4804077148438 6.103515625e-05 1684613.0000 3.07080078125 33.4833 3.07080078125 3.07080078125 3.0535888671875 3.06005859375 0.0107421875 0.00408935546875 0.004150390625 0 0 0.9944 0.9965 0.9853 <error: 0.0042724609375 0.004150390625 0.004150390625 0.00408935546875 0.9853 
32768 102.410339355469 40.2402038574219 3.0517578125e-05 3355782.0000 3.035400390625 33.7387 3.035400390625 3.035400390625 3.02688598632812 3.03005981445312 0.005340576171875 0.002044677734375 0.0020751953125 0 0 0.9972 0.9982 0.9853 <error: 0.00213623046875 0.0020751953125 0.0020751953125 0.002044677734375 0.9853 
65536 102.205169677734 40.1201019287109 1.52587890625e-05 6698118.0000 3.0177001953125 33.8686 3.0177001953125 3.0177001953125 3.01344299316406 3.01502990722656 0.0026702880859375 0.0010223388671875 0.00103759765625 0 0 0.9986 0.9991 0.9853 <error: 0.001068115234375 0.00103759765625 0.00103759765625 0.0010223388671875 0.9853 
131072 102.102592468262 40.0600509643555 1.52587890625e-05 6691395.5000 3.00885009765625 33.9341 3.00885009765625 3.00885009765625 3.00672149658203 3.00752258300781 0.0013275146484375 0.00051116943359375 0.000518798828125 0 0 0.9993 0.9996 0.9853 <error: 0.0005340576171875 0.000518798828125 0.000518798828125 0.00051116943359375 0.9853 
262144 102.051296234131 40.0300254821777 1.1444091796875e-05 8917378.3333 3.00442504882812 33.9670 3.00442504882812 3.00442504882812 3.00336074829102 3.00376129150391 0.00066375732421875 0.000255584716796875 0.0002593994140625 0 0 0.9996 0.9998 0.9853 <error: 0.00026702880859375 0.0002593994140625 0.0002593994140625 0.000255584716796875 0.9853 
524288 102.025648117065 40.0150127410889 9.5367431640625e-06 10698164.6000 3.00221252441406 33.9835 3.00221252441406 3.00221252441406 3.00168037414551 3.00188064575195 0.000331878662109375 0.000127792358398438 0.00012969970703125 0 0 0.9998 0.9999 0.9853 <error: 0.000133514404296875 0.00012969970703125 0.00012969970703125 0.000127792358398438 0.9853 
1048576 102.024722099304 40.016339302063 1.04904174804688e-05 9725515.9091 3.00186252593994 33.9871 3.00186252593994 3.00186252593994 3.00155925750732 3.00167751312256 0.000185012817382812 6.67572021484375e-05 6.77108764648438e-05 0 9.5367431640625e-07 0.9999 0.9999 0.9859 0.0000 6.866455078125e-05 6.67572021484375e-05 6.67572021484375e-05 6.67572021484375e-05 1.0000 
2097152 102.016759395599 40.0110993385315 1.09672546386719e-05 9301941.3478 3.00129890441895 33.9909 3.00129890441895 3.00129890441895 3.00114679336548 3.0012059211731 9.29832458496094e-05 3.33786010742188e-05 3.38554382324219e-05 0 4.76837158203125e-07 0.9999 1.0000 0.9859 0.0000 3.4332275390625e-05 3.33786010742188e-05 3.33786010742188e-05 3.33786010742188e-05 1.0000 
4194304 102.012776136398 40.0084793567657 1.07288360595703e-05 9508279.8889 3.00101637840271 33.9927 3.00101637840271 3.00101637840271 3.0009400844574 3.00096940994263 4.69684600830078e-05 1.66893005371094e-05 1.69277191162109e-05 0 2.38418579101562e-07 1.0000 1.0000 0.9859 0.0000 1.71661376953125e-05 1.66893005371094e-05 1.66893005371094e-05 1.66893005371094e-05 1.0000 
