#set_size_in_keys sim_num_insn sim_num_refs sim_elapsed_time sim_inst_rate sim_num_branches sim_IPB bpred_2lev.lookups bpred_2lev.updates bpred_2lev.addr_hits bpred_2lev.dir_hits bpred_2lev.misses bpred_2lev.jr_hits bpred_2lev.jr_seen bpred_2lev.jr_non_ras_hits.PP bpred_2lev.jr_non_ras_seen.PP bpred_2lev.bpred_addr_rate bpred_2lev.bpred_dir_rate bpred_2lev.bpred_jr_rate bpred_2lev.bpred_jr_non_ras_rate.PP bpred_2lev.retstack_pushes bpred_2lev.retstack_pops bpred_2lev.used_ras.PP bpred_2lev.ras_hits.PP bpred_2lev.ras_rate.PP
4096 148.81787109375 45.93896484375 0.000244140625 609558.0000 26.480712890625 5.6199 26.480712890625 26.480712890625 20.376708984375 20.4072265625 6.073486328125 2.08984375 2.08984375 0 0 0.7695 0.7706 1.0000 <error: 2.09033203125 2.08984375 2.08984375 2.08984375 1.0000 
8192 156.868774414062 47.1417236328125 0.0001220703125 1285069.0000 27.9202880859375 5.6185 27.9202880859375 27.9202880859375 21.533447265625 21.5478515625 6.3724365234375 2.044921875 2.044921875 0 0 0.7712 0.7718 1.0000 <error: 2.045166015625 2.044921875 2.044921875 2.044921875 1.0000 
16384 163.382934570312 48.4252319335938 6.103515625e-05 2676866.0000 29.1468505859375 5.6055 29.1468505859375 29.1468505859375 22.431884765625 22.439453125 6.7073974609375 2.0224609375 2.0224609375 0 0 0.7696 0.7699 1.0000 <error: 2.0225830078125 2.0224609375 2.0224609375 2.0224609375 1.0000 
32768 171.116027832031 50.211181640625 6.103515625e-05 2803565.0000 30.5403747558594 5.6029 30.5403747558594 30.5403747558594 23.26806640625 23.2717895507812 7.26858520507812 2.01123046875 2.01123046875 0 0 0.7619 0.7620 1.0000 <error: 2.01129150390625 2.01123046875 2.01123046875 2.01123046875 1.0000 
65536 180.183456420898 52.25146484375 0.0001373291015625 1312055.8889 32.1668395996094 5.6015 32.1668395996094 32.1668395996094 24.4606323242188 24.4624328613281 7.70440673828125 2.005615234375 2.005615234375 0 0 0.7604 0.7605 1.0000 <error: 2.00564575195312 2.005615234375 2.005615234375 2.005615234375 1.0000 
131072 191.62703704834 54.6799240112305 4.57763671875e-05 4186156.5000 34.2097778320312 5.6015 34.2097778320312 34.2097778320312 26.1476745605469 26.148567199707 8.06121063232422 2.0028076171875 2.0028076171875 0 0 0.7643 0.7644 1.0000 <error: 2.00282287597656 2.0028076171875 2.0028076171875 2.0028076171875 1.0000 
262144 198.055999755859 56.407398223877 5.340576171875e-05 3708513.7143 35.437255859375 5.5889 35.437255859375 35.437255859375 26.9062156677246 26.9066963195801 8.53055953979492 2.00140380859375 2.00140380859375 0 0 0.7593 0.7593 1.0000 <error: 2.00141143798828 2.00140380859375 2.00140380859375 2.00140380859375 1.0000 
524288 210.07398223877 58.9096622467041 5.14984130859375e-05 4079232.1481 37.5047168731689 5.6013 37.5047168731689 37.5047168731689 28.5343799591064 28.5346145629883 8.97010231018066 2.00070190429688 2.00070190429688 0 0 0.7608 0.7608 1.0000 <error: 2.00070571899414 2.00070190429688 2.00070190429688 2.00070190429688 1.0000 
1048576 217.23272228241 60.7416467666626 5.43594360351562e-05 3996228.4035 38.8350257873535 5.5937 38.8350257873535 38.8350257873535 29.3890762329102 29.3891935348511 9.44583225250244 2.00035095214844 2.00035095214844 0 0 0.7568 0.7568 1.0000 <error: 2.00035285949707 2.00035095214844 2.00035095214844 2.00035095214844 1.0000 
2097152 290.917991161346 77.3441548347473 7.72476196289062e-05 3766044.7346 48.7392792701721 5.9689 48.7392792701721 48.7392792701721 38.6796092987061 38.6796884536743 10.0595908164978 2.00019121170044 2.0001916885376 0 4.76837158203125e-07 0.7936 0.7936 1.0000 0.0000 2.00019216537476 2.00019121170044 2.00019121170044 2.00019121170044 1.0000 
4194304 288.895994901657 77.2470285892487 7.53402709960938e-05 3834549.4525 48.3320364952087 5.9773 48.3320364952087 48.3320364952087 37.7856688499451 37.7857077121735 10.5463287830353 2.00009560585022 2.0000958442688 0 2.38418579101562e-07 0.7818 0.7818 1.0000 0.0000 2.00009608268738 2.00009560585022 2.00009560585022 2.00009560585022 1.0000 
