#set_size_in_keys sim_num_insn sim_num_refs sim_elapsed_time sim_inst_rate sim_num_branches sim_IPB bpred_bimod.lookups bpred_bimod.updates bpred_bimod.addr_hits bpred_bimod.dir_hits bpred_bimod.misses bpred_bimod.jr_hits bpred_bimod.jr_seen bpred_bimod.jr_non_ras_hits.PP bpred_bimod.jr_non_ras_seen.PP bpred_bimod.bpred_addr_rate bpred_bimod.bpred_dir_rate bpred_bimod.bpred_jr_rate bpred_bimod.bpred_jr_non_ras_rate.PP bpred_bimod.retstack_pushes bpred_bimod.retstack_pops bpred_bimod.used_ras.PP bpred_bimod.ras_hits.PP bpred_bimod.ras_rate.PP
4096 148.81787109375 45.93896484375 0.000244140625 609558.0000 26.480712890625 5.6199 26.480712890625 26.480712890625 20.80224609375 20.832275390625 5.6484375 2.08984375 2.08984375 0 0 0.7856 0.7867 1.0000 <error: 2.09033203125 2.08984375 2.08984375 2.08984375 1.0000 
8192 156.868774414062 47.1417236328125 0.0001220703125 1285069.0000 27.9202880859375 5.6185 27.9202880859375 27.9202880859375 21.9429931640625 21.957763671875 5.9625244140625 2.044921875 2.044921875 0 0 0.7859 0.7864 1.0000 <error: 2.045166015625 2.044921875 2.044921875 2.044921875 1.0000 
16384 163.382934570312 48.4252319335938 6.103515625e-05 2676866.0000 29.1468505859375 5.6055 29.1468505859375 29.1468505859375 22.8521728515625 22.8596801757812 6.28717041015625 2.0224609375 2.0224609375 0 0 0.7840 0.7843 1.0000 <error: 2.0225830078125 2.0224609375 2.0224609375 2.0224609375 1.0000 
32768 171.116027832031 50.211181640625 3.0517578125e-05 5607130.0000 30.5403747558594 5.6029 30.5403747558594 30.5403747558594 23.6893615722656 23.6931762695312 6.84719848632812 2.01123046875 2.01123046875 0 0 0.7757 0.7758 1.0000 <error: 2.01129150390625 2.01123046875 2.01123046875 2.01123046875 1.0000 
65536 180.183456420898 52.25146484375 4.57763671875e-05 3936167.6667 32.1668395996094 5.6015 32.1668395996094 32.1668395996094 24.8936309814453 24.8955230712891 7.27131652832031 2.005615234375 2.005615234375 0 0 0.7739 0.7739 1.0000 <error: 2.00564575195312 2.005615234375 2.005615234375 2.005615234375 1.0000 
131072 191.62703704834 54.6799240112305 4.57763671875e-05 4186156.5000 34.2097778320312 5.6015 34.2097778320312 34.2097778320312 26.6179580688477 26.6189041137695 7.59087371826172 2.0028076171875 2.0028076171875 0 0 0.7781 0.7781 1.0000 <error: 2.00282287597656 2.0028076171875 2.0028076171875 2.0028076171875 1.0000 
262144 198.055999755859 56.407398223877 4.57763671875e-05 4326599.3333 35.437255859375 5.5889 35.437255859375 35.437255859375 27.3215827941895 27.3220481872559 8.11520767211914 2.00140380859375 2.00140380859375 0 0 0.7710 0.7710 1.0000 <error: 2.00141143798828 2.00140380859375 2.00140380859375 2.00140380859375 1.0000 
524288 210.07398223877 58.9096622467041 5.14984130859375e-05 4079232.1481 37.5047168731689 5.6013 37.5047168731689 37.5047168731689 29.0572299957275 29.0574588775635 8.44725799560547 2.00070190429688 2.00070190429688 0 0 0.7748 0.7748 1.0000 <error: 2.00070571899414 2.00070190429688 2.00070190429688 2.00070190429688 1.0000 
1048576 217.23272228241 60.7416467666626 5.24520874023438e-05 4141545.8000 38.8350257873535 5.5937 38.8350257873535 38.8350257873535 29.9019861221313 29.9021043777466 8.93292140960693 2.00035095214844 2.00035095214844 0 0 0.7700 0.7700 1.0000 <error: 2.00035285949707 2.00035095214844 2.00035095214844 2.00035095214844 1.0000 
2097152 290.917991161346 77.3441548347473 7.15255737304688e-05 4067328.3133 48.7392792701721 5.9689 48.7392792701721 48.7392792701721 37.9044327735901 37.9045066833496 10.8347725868225 2.00019121170044 2.0001916885376 0 4.76837158203125e-07 0.7777 0.7777 1.0000 0.0000 2.00019216537476 2.00019121170044 2.00019121170044 2.00019121170044 1.0000 
4194304 288.895994901657 77.2470285892487 7.05718994140625e-05 4093640.6318 48.3320364952087 5.9773 48.3320364952087 48.3320364952087 38.1151576042175 38.1151957511902 10.2168407440186 2.00009560585022 2.0000958442688 0 2.38418579101562e-07 0.7886 0.7886 1.0000 0.0000 2.00009608268738 2.00009560585022 2.00009560585022 2.00009560585022 1.0000 
