#set_size_in_keys sim_num_insn sim_num_refs sim_elapsed_time sim_inst_rate sim_num_branches sim_IPB bpred_2lev.lookups bpred_2lev.updates bpred_2lev.addr_hits bpred_2lev.dir_hits bpred_2lev.misses bpred_2lev.jr_hits bpred_2lev.jr_seen bpred_2lev.jr_non_ras_hits.PP bpred_2lev.jr_non_ras_seen.PP bpred_2lev.bpred_addr_rate bpred_2lev.bpred_dir_rate bpred_2lev.bpred_jr_rate bpred_2lev.bpred_jr_non_ras_rate.PP bpred_2lev.retstack_pushes bpred_2lev.retstack_pops bpred_2lev.used_ras.PP bpred_2lev.ras_hits.PP bpred_2lev.ras_rate.PP
4096 148.8203125 45.93896484375 0.000244140625 609568.0000 26.480712890625 5.6200 26.480712890625 26.480712890625 20.22265625 20.25341796875 6.227294921875 2.08984375 2.08984375 0 0 0.7637 0.7648 1.0000 <error: 2.09033203125 2.08984375 2.08984375 2.08984375 1.0000 
8192 156.869995117188 47.1417236328125 0.0001220703125 1285079.0000 27.9202880859375 5.6185 27.9202880859375 27.9202880859375 21.3182373046875 21.333251953125 6.5870361328125 2.044921875 2.044921875 0 0 0.7635 0.7641 1.0000 <error: 2.045166015625 2.044921875 2.044921875 2.044921875 1.0000 
16384 163.383544921875 48.4252319335938 6.103515625e-05 2676876.0000 29.1468505859375 5.6055 29.1468505859375 29.1468505859375 22.1260375976562 22.1336669921875 7.01318359375 2.0224609375 2.0224609375 0 0 0.7591 0.7594 1.0000 <error: 2.0225830078125 2.0224609375 2.0224609375 2.0224609375 1.0000 
32768 171.116333007812 50.211181640625 3.0517578125e-05 5607140.0000 30.5403747558594 5.6030 30.5403747558594 30.5403747558594 22.9351806640625 22.9390258789062 7.60134887695312 2.01123046875 2.01123046875 0 0 0.7510 0.7511 1.0000 <error: 2.01129150390625 2.01123046875 2.01123046875 2.01123046875 1.0000 
65536 180.183609008789 52.25146484375 1.52587890625e-05 11808513.0000 32.1668395996094 5.6015 32.1668395996094 32.1668395996094 24.1103210449219 24.1123199462891 8.05451965332031 2.005615234375 2.005615234375 0 0 0.7495 0.7496 1.0000 <error: 2.00564575195312 2.005615234375 2.005615234375 2.005615234375 1.0000 
131072 191.627113342285 54.6799240112305 4.57763671875e-05 4186158.1667 34.2097778320312 5.6015 34.2097778320312 34.2097778320312 25.7754364013672 25.7764434814453 8.43333435058594 2.0028076171875 2.0028076171875 0 0 0.7535 0.7535 1.0000 <error: 2.00282287597656 2.0028076171875 2.0028076171875 2.0028076171875 1.0000 
262144 198.056037902832 56.407398223877 4.57763671875e-05 4326600.1667 35.437255859375 5.5889 35.437255859375 35.437255859375 26.5097808837891 26.5102615356445 8.92699432373047 2.00140380859375 2.00140380859375 0 0 0.7481 0.7481 1.0000 <error: 2.00141143798828 2.00140380859375 2.00140380859375 2.00140380859375 1.0000 
524288 210.074001312256 58.9096622467041 5.14984130859375e-05 4079232.5185 37.5047168731689 5.6013 37.5047168731689 37.5047168731689 28.156229019165 28.15647315979 9.34824371337891 2.00070190429688 2.00070190429688 0 0 0.7507 0.7507 1.0000 <error: 2.00070571899414 2.00070190429688 2.00070190429688 2.00070190429688 1.0000 
1048576 217.232731819153 60.7416467666626 5.340576171875e-05 4067589.8036 38.8350257873535 5.5937 38.8350257873535 38.8350257873535 28.9895572662354 28.9896793365479 9.84534645080566 2.00035095214844 2.00035095214844 0 0 0.7465 0.7465 1.0000 <error: 2.00035285949707 2.00035095214844 2.00035095214844 2.00035095214844 1.0000 
2097152 311.199983596802 79.917839050293 7.77244567871094e-05 4003887.5337 55.8023271560669 5.5768 55.8023271560669 55.8023271560669 45.6897211074829 45.6898016929626 10.1125254631042 2.00019121170044 2.0001916885376 0 4.76837158203125e-07 0.8188 0.8188 1.0000 0.0000 2.00019216537476 2.00019121170044 2.00019121170044 2.00019121170044 1.0000 
4194304 339.139981985092 84.6022887229919 8.60691070556641e-05 3940321.8366 62.7795720100403 5.4021 62.7795720100403 62.7795720100403 52.7059006690979 52.7059407234192 10.0736312866211 2.00009560585022 2.0000958442688 0 2.38418579101562e-07 0.8395 0.8395 1.0000 0.0000 2.00009608268738 2.00009560585022 2.00009560585022 2.00009560585022 1.0000 
