#set_size_in_keys sim_num_insn sim_num_refs sim_elapsed_time sim_inst_rate sim_num_branches sim_IPB bpred_bimod.lookups bpred_bimod.updates bpred_bimod.addr_hits bpred_bimod.dir_hits bpred_bimod.misses bpred_bimod.jr_hits bpred_bimod.jr_seen bpred_bimod.jr_non_ras_hits.PP bpred_bimod.jr_non_ras_seen.PP bpred_bimod.bpred_addr_rate bpred_bimod.bpred_dir_rate bpred_bimod.bpred_jr_rate bpred_bimod.bpred_jr_non_ras_rate.PP bpred_bimod.retstack_pushes bpred_bimod.retstack_pops bpred_bimod.used_ras.PP bpred_bimod.ras_hits.PP bpred_bimod.ras_rate.PP
4096 148.8203125 45.93896484375 0.000244140625 609568.0000 26.480712890625 5.6200 26.480712890625 26.480712890625 20.803466796875 20.83349609375 5.647216796875 2.08984375 2.08984375 0 0 0.7856 0.7867 1.0000 <error: 2.09033203125 2.08984375 2.08984375 2.08984375 1.0000 
8192 156.869995117188 47.1417236328125 0.0001220703125 1285079.0000 27.9202880859375 5.6185 27.9202880859375 27.9202880859375 21.943359375 21.95849609375 5.9617919921875 2.044921875 2.044921875 0 0 0.7859 0.7865 1.0000 <error: 2.045166015625 2.044921875 2.044921875 2.044921875 1.0000 
16384 163.383544921875 48.4252319335938 6.103515625e-05 2676876.0000 29.1468505859375 5.6055 29.1468505859375 29.1468505859375 22.8518676757812 22.8594970703125 6.287353515625 2.0224609375 2.0224609375 0 0 0.7840 0.7843 1.0000 <error: 2.0225830078125 2.0224609375 2.0224609375 2.0224609375 1.0000 
32768 171.116333007812 50.211181640625 3.0517578125e-05 5607140.0000 30.5403747558594 5.6030 30.5403747558594 30.5403747558594 23.6891784667969 23.6930541992188 6.84732055664062 2.01123046875 2.01123046875 0 0 0.7757 0.7758 1.0000 <error: 2.01129150390625 2.01123046875 2.01123046875 2.01123046875 1.0000 
65536 180.183609008789 52.25146484375 1.52587890625e-05 11808513.0000 32.1668395996094 5.6015 32.1668395996094 32.1668395996094 24.8936004638672 24.8955688476562 7.27127075195312 2.005615234375 2.005615234375 0 0 0.7739 0.7740 1.0000 <error: 2.00564575195312 2.005615234375 2.005615234375 2.005615234375 1.0000 
131072 191.627113342285 54.6799240112305 3.814697265625e-05 5023389.8000 34.2097778320312 5.6015 34.2097778320312 34.2097778320312 26.6179046630859 26.6188430786133 7.59093475341797 2.0028076171875 2.0028076171875 0 0 0.7781 0.7781 1.0000 <error: 2.00282287597656 2.0028076171875 2.0028076171875 2.0028076171875 1.0000 
262144 198.056037902832 56.407398223877 4.57763671875e-05 4326600.1667 35.437255859375 5.5889 35.437255859375 35.437255859375 27.3215599060059 27.3220367431641 8.11521911621094 2.00140380859375 2.00140380859375 0 0 0.7710 0.7710 1.0000 <error: 2.00141143798828 2.00140380859375 2.00140380859375 2.00140380859375 1.0000 
524288 210.074001312256 58.9096622467041 4.9591064453125e-05 4236126.0769 37.5047168731689 5.6013 37.5047168731689 37.5047168731689 29.0572128295898 29.0574512481689 8.447265625 2.00070190429688 2.00070190429688 0 0 0.7748 0.7748 1.0000 <error: 2.00070571899414 2.00070190429688 2.00070190429688 2.00070190429688 1.0000 
1048576 217.232731819153 60.7416467666626 5.24520874023438e-05 4141545.9818 38.8350257873535 5.5937 38.8350257873535 38.8350257873535 29.9019861221313 29.9021081924438 8.93291759490967 2.00035095214844 2.00035095214844 0 0 0.7700 0.7700 1.0000 <error: 2.00035285949707 2.00035095214844 2.00035095214844 2.00035095214844 1.0000 
2097152 311.199983596802 79.917839050293 7.86781311035156e-05 3955355.5636 55.8023271560669 5.5768 55.8023271560669 55.8023271560669 46.6223726272583 46.6224508285522 9.17987632751465 2.00019121170044 2.0001916885376 0 4.76837158203125e-07 0.8355 0.8355 1.0000 0.0000 2.00019216537476 2.00019121170044 2.00019121170044 2.00019121170044 1.0000 
4194304 339.139981985092 84.6022887229919 8.41617584228516e-05 4029620.9150 62.7795720100403 5.4021 62.7795720100403 62.7795720100403 53.6011774539948 53.6012172698975 9.17835474014282 2.00009560585022 2.0000958442688 0 2.38418579101562e-07 0.8538 0.8538 1.0000 0.0000 2.00009608268738 2.00009560585022 2.00009560585022 2.00009560585022 1.0000 
