#set_size_in_keys sim_num_insn sim_num_refs sim_elapsed_time sim_inst_rate sim_num_branches sim_IPB bpred_bimod.lookups bpred_bimod.updates bpred_bimod.addr_hits bpred_bimod.dir_hits bpred_bimod.misses bpred_bimod.jr_hits bpred_bimod.jr_seen bpred_bimod.jr_non_ras_hits.PP bpred_bimod.jr_non_ras_seen.PP bpred_bimod.bpred_addr_rate bpred_bimod.bpred_dir_rate bpred_bimod.bpred_jr_rate bpred_bimod.bpred_jr_non_ras_rate.PP bpred_bimod.retstack_pushes bpred_bimod.retstack_pops bpred_bimod.used_ras.PP bpred_bimod.ras_hits.PP bpred_bimod.ras_rate.PP
4096 255.353271484375 64.529296875 0.000244140625 1045927.0000 40.92724609375 6.2392 40.92724609375 40.92724609375 34.15576171875 34.182861328125 6.744384765625 2.088134765625 2.08837890625 0 0 0.8345 0.8352 0.9999 <error: 2.0888671875 2.08837890625 2.08837890625 2.088134765625 0.9999 
8192 272.65576171875 67.5352783203125 0.0001220703125 2233596.0000 43.5723876953125 6.2575 43.5723876953125 43.5723876953125 36.3189697265625 36.332763671875 7.2396240234375 2.0440673828125 2.044189453125 0 0 0.8335 0.8338 0.9999 <error: 2.04443359375 2.044189453125 2.044189453125 2.0440673828125 0.9999 
16384 291.353942871094 71.0889892578125 6.103515625e-05 4773543.0000 46.43798828125 6.2740 46.43798828125 46.43798828125 38.7068481445312 38.7138061523438 7.72418212890625 2.02203369140625 2.0220947265625 0 0 0.8335 0.8337 1.0000 <error: 2.022216796875 2.0220947265625 2.0220947265625 2.02203369140625 1.0000 
32768 310.316650390625 74.8450622558594 6.103515625e-05 5084228.0000 49.3517150878906 6.2879 49.3517150878906 49.3517150878906 41.1188049316406 41.1221618652344 8.22955322265625 2.01101684570312 2.01104736328125 0 0 0.8332 0.8332 1.0000 <error: 2.0111083984375 2.01104736328125 2.01104736328125 2.01101684570312 1.0000 
65536 329.571655273438 78.7245025634766 7.62939453125e-05 4319761.6000 52.3107757568359 6.3003 52.3107757568359 52.3107757568359 43.5764465332031 43.5781707763672 8.73260498046875 2.00550842285156 2.00552368164062 0 0 0.8330 0.8331 1.0000 <error: 2.00555419921875 2.00552368164062 2.00552368164062 2.00550842285156 1.0000 
131072 348.968002319336 82.6694717407227 8.392333984375e-05 4158175.8182 55.2936630249023 6.3112 55.2936630249023 55.2936630249023 46.0604476928711 46.0612640380859 9.23239898681641 2.00275421142578 2.00276184082031 0 0 0.8330 0.8330 1.0000 <error: 2.00277709960938 2.00276184082031 2.00276184082031 2.00275421142578 1.0000 
262144 368.419044494629 86.6427612304688 8.7738037109375e-05 4199080.0870 58.286075592041 6.3209 58.286075592041 58.286075592041 48.5519485473633 48.5523796081543 9.73369598388672 2.00137710571289 2.00138092041016 0 0 0.8330 0.8330 1.0000 <error: 2.00138854980469 2.00138092041016 2.00138092041016 2.00137710571289 1.0000 
524288 387.838832855225 90.6175746917725 9.1552734375e-05 4236234.2917 61.2732467651367 6.3297 61.2732467651367 61.2732467651367 51.0388145446777 51.039026260376 10.2342205047607 2.00068855285645 2.00069046020508 0 0 0.8330 0.8330 1.0000 <error: 2.00069427490234 2.00069046020508 2.00069046020508 2.00068855285645 1.0000 
1048576 407.322026252747 94.6105041503906 9.5367431640625e-05 4271081.0100 64.2707653045654 6.3376 64.2707653045654 64.2707653045654 53.5370569229126 53.5371618270874 10.733603477478 2.00034427642822 2.00034523010254 0 0 0.8330 0.8330 1.0000 <error: 2.00034713745117 2.00034523010254 2.00034523010254 2.00034427642822 1.0000 
2097152 426.827855587006 98.609757900238 0.000102043151855469 4182817.2477 67.2716708183289 6.3448 67.2716708183289 67.2716708183289 56.0378041267395 56.0378584861755 11.2338123321533 2.00017213821411 2.00017261505127 0 0 0.8330 0.8330 1.0000 <error: 2.00017356872559 2.00017261505127 2.00017261505127 2.00017213821411 1.0000 
4194304 446.32053232193 102.606563806534 0.0001068115234375 4178580.3438 70.2702252864838 6.3515 70.2702252864838 70.2702252864838 58.53573346138 58.5357594490051 11.7344658374786 2.00008606910706 2.00008630752563 0 0 0.8330 0.8330 1.0000 <error: 2.00008678436279 2.00008630752563 2.00008630752563 2.00008606910706 1.0000 
