#set_size_in_keys sim_num_insn sim_num_refs sim_elapsed_time sim_inst_rate sim_num_branches sim_IPB bpred_2lev.lookups bpred_2lev.updates bpred_2lev.addr_hits bpred_2lev.dir_hits bpred_2lev.misses bpred_2lev.jr_hits bpred_2lev.jr_seen bpred_2lev.jr_non_ras_hits.PP bpred_2lev.jr_non_ras_seen.PP bpred_2lev.bpred_addr_rate bpred_2lev.bpred_dir_rate bpred_2lev.bpred_jr_rate bpred_2lev.bpred_jr_non_ras_rate.PP bpred_2lev.retstack_pushes bpred_2lev.retstack_pops bpred_2lev.used_ras.PP bpred_2lev.ras_hits.PP bpred_2lev.ras_rate.PP
4096 149.82568359375 46.43408203125 0.000244140625 613686.0000 26.4423828125 5.6661 26.4423828125 26.4423828125 20.515625 20.54638671875 5.89599609375 2.08984375 2.08984375 0 0 0.7759 0.7770 1.0000 <error: 2.09033203125 2.08984375 2.08984375 2.08984375 1.0000 
8192 157.938842773438 47.6597900390625 0.0001220703125 1293835.0000 27.884765625 5.6640 27.884765625 27.884765625 21.6705322265625 21.685791015625 6.198974609375 2.044921875 2.044921875 0 0 0.7771 0.7777 1.0000 <error: 2.045166015625 2.044921875 2.044921875 2.044921875 1.0000 
16384 164.471801757812 48.9502563476562 6.103515625e-05 2694706.0000 29.1170654296875 5.6486 29.1170654296875 29.1170654296875 22.548095703125 22.5556640625 6.5614013671875 2.0224609375 2.0224609375 0 0 0.7744 0.7747 1.0000 <error: 2.0225830078125 2.0224609375 2.0224609375 2.0224609375 1.0000 
32768 172.209411621094 50.7384033203125 3.0517578125e-05 5642958.0000 30.5123901367188 5.6439 30.5123901367188 30.5123901367188 23.4178161621094 23.4217529296875 7.09063720703125 2.01123046875 2.01123046875 0 0 0.7675 0.7676 1.0000 <error: 2.01129150390625 2.01123046875 2.01123046875 2.01123046875 1.0000 
65536 181.279022216797 52.7801208496094 3.0517578125e-05 5940151.0000 32.1385345458984 5.6406 32.1385345458984 32.1385345458984 24.63525390625 24.6371459960938 7.50138854980469 2.005615234375 2.005615234375 0 0 0.7665 0.7666 1.0000 <error: 2.00564575195312 2.005615234375 2.005615234375 2.005615234375 1.0000 
131072 192.712158203125 55.2062911987305 5.340576171875e-05 3608452.5714 34.1823348999023 5.6378 34.1823348999023 34.1823348999023 26.3285140991211 26.3294830322266 7.85285186767578 2.0028076171875 2.0028076171875 0 0 0.7702 0.7703 1.0000 <error: 2.00282287597656 2.0028076171875 2.0028076171875 2.0028076171875 1.0000 
262144 199.144222259521 56.934383392334 4.9591064453125e-05 4015727.9231 35.4098587036133 5.6240 35.4098587036133 35.4098587036133 27.0376129150391 27.0380897521973 8.37176895141602 2.00140380859375 2.00140380859375 0 0 0.7636 0.7636 1.0000 <error: 2.00141143798828 2.00140380859375 2.00140380859375 2.00140380859375 1.0000 
524288 211.162061691284 59.4367847442627 5.340576171875e-05 3953919.1071 37.4773502349854 5.6344 37.4773502349854 37.4773502349854 28.7444667816162 28.7447185516357 8.73263168334961 2.00070190429688 2.00070190429688 0 0 0.7670 0.7670 1.0000 <error: 2.00070571899414 2.00070190429688 2.00070190429688 2.00070190429688 1.0000 
1048576 218.319078445435 61.2680444717407 5.340576171875e-05 4087931.1786 38.8077297210693 5.6257 38.8077297210693 38.8077297210693 29.5707769393921 29.570897102356 9.23683261871338 2.00035095214844 2.00035095214844 0 0 0.7620 0.7620 1.0000 <error: 2.00035285949707 2.00035095214844 2.00035095214844 2.00035095214844 1.0000 
2097152 227.857602596283 63.4473314285278 5.62667846679688e-05 4049593.4492 40.5232601165771 5.6229 40.5232601165771 40.5232601165771 30.8622751235962 30.8623380661011 9.66092205047607 2.00017547607422 2.00017547607422 0 0 0.7616 0.7616 1.0000 <error: 2.00017642974854 2.00017547607422 2.00017547607422 2.00017547607422 1.0000 
4194304 235.0847427845 65.2917680740356 6.24656677246094e-05 3763423.1947 41.8484318256378 5.6175 41.8484318256378 41.8484318256378 31.6284108161926 31.6284408569336 10.2199909687042 2.00008773803711 2.00008773803711 0 0 0.7558 0.7558 1.0000 <error: 2.00008821487427 2.00008773803711 2.00008773803711 2.00008773803711 1.0000 
