#set_size_in_keys sim_num_insn sim_num_refs sim_elapsed_time sim_inst_rate sim_num_branches sim_IPB bpred_2lev.lookups bpred_2lev.updates bpred_2lev.addr_hits bpred_2lev.dir_hits bpred_2lev.misses bpred_2lev.jr_hits bpred_2lev.jr_seen bpred_2lev.jr_non_ras_hits.PP bpred_2lev.jr_non_ras_seen.PP bpred_2lev.bpred_addr_rate bpred_2lev.bpred_dir_rate bpred_2lev.bpred_jr_rate bpred_2lev.bpred_jr_non_ras_rate.PP bpred_2lev.retstack_pushes bpred_2lev.retstack_pops bpred_2lev.used_ras.PP bpred_2lev.ras_hits.PP bpred_2lev.ras_rate.PP
4096 149.82568359375 46.43408203125 0.000244140625 613686.0000 26.4423828125 5.6661 26.4423828125 26.4423828125 20.282470703125 20.312255859375 6.130126953125 2.08984375 2.08984375 0 0 0.7670 0.7682 1.0000 <error: 2.09033203125 2.08984375 2.08984375 2.08984375 1.0000 
8192 157.938842773438 47.6597900390625 0.0001220703125 1293835.0000 27.884765625 5.6640 27.884765625 27.884765625 21.4346923828125 21.4501953125 6.4345703125 2.044921875 2.044921875 0 0 0.7687 0.7692 1.0000 <error: 2.045166015625 2.044921875 2.044921875 2.044921875 1.0000 
16384 164.471801757812 48.9502563476562 6.103515625e-05 2694706.0000 29.1170654296875 5.6486 29.1170654296875 29.1170654296875 22.2916870117188 22.2993774414062 6.81768798828125 2.0224609375 2.0224609375 0 0 0.7656 0.7659 1.0000 <error: 2.0225830078125 2.0224609375 2.0224609375 2.0224609375 1.0000 
32768 172.209411621094 50.7384033203125 6.103515625e-05 2821479.0000 30.5123901367188 5.6439 30.5123901367188 30.5123901367188 23.1395263671875 23.1435546875 7.36883544921875 2.01123046875 2.01123046875 0 0 0.7584 0.7585 1.0000 <error: 2.01129150390625 2.01123046875 2.01123046875 2.01123046875 1.0000 
65536 181.279022216797 52.7801208496094 4.57763671875e-05 3960100.6667 32.1385345458984 5.6406 32.1385345458984 32.1385345458984 24.3338470458984 24.3357849121094 7.80274963378906 2.005615234375 2.005615234375 0 0 0.7572 0.7572 1.0000 <error: 2.00564575195312 2.005615234375 2.005615234375 2.005615234375 1.0000 
131072 192.712158203125 55.2062911987305 4.57763671875e-05 4209861.3333 34.1823348999023 5.6378 34.1823348999023 34.1823348999023 26.0129241943359 26.0139083862305 8.16842651367188 2.0028076171875 2.0028076171875 0 0 0.7610 0.7610 1.0000 <error: 2.00282287597656 2.0028076171875 2.0028076171875 2.0028076171875 1.0000 
262144 199.144222259521 56.934383392334 4.9591064453125e-05 4015727.9231 35.4098587036133 5.6240 35.4098587036133 35.4098587036133 26.6921348571777 26.6926231384277 8.71723556518555 2.00140380859375 2.00140380859375 0 0 0.7538 0.7538 1.0000 <error: 2.00141143798828 2.00140380859375 2.00140380859375 2.00140380859375 1.0000 
524288 211.162061691284 59.4367847442627 5.14984130859375e-05 4100360.5556 37.4773502349854 5.6344 37.4773502349854 37.4773502349854 28.4008312225342 28.4010944366455 9.07625579833984 2.00070190429688 2.00070190429688 0 0 0.7578 0.7578 1.0000 <error: 2.00070571899414 2.00070190429688 2.00070190429688 2.00070190429688 1.0000 
1048576 218.319078445435 61.2680444717407 5.43594360351562e-05 4016213.0877 38.8077297210693 5.6257 38.8077297210693 38.8077297210693 29.207124710083 29.2072496414185 9.60048007965088 2.00035095214844 2.00035095214844 0 0 0.7526 0.7526 1.0000 <error: 2.00035285949707 2.00035095214844 2.00035095214844 2.00035095214844 1.0000 
2097152 227.857602596283 63.4473314285278 5.62667846679688e-05 4049593.4492 40.5232601165771 5.6229 40.5232601165771 40.5232601165771 30.4776887893677 30.4777536392212 10.045506477356 2.00017547607422 2.00017547607422 0 0 0.7521 0.7521 1.0000 <error: 2.00017642974854 2.00017547607422 2.00017547607422 2.00017547607422 1.0000 
4194304 235.0847427845 65.2917680740356 5.86509704589844e-05 4008198.6870 41.8484318256378 5.6175 41.8484318256378 41.8484318256378 31.2230587005615 31.2230892181396 10.6253426074982 2.00008773803711 2.00008773803711 0 0 0.7461 0.7461 1.0000 <error: 2.00008821487427 2.00008773803711 2.00008773803711 2.00008773803711 1.0000 
