#set_size_in_keys sim_num_insn sim_num_refs sim_elapsed_time sim_inst_rate sim_num_branches sim_IPB bpred_2lev.lookups bpred_2lev.updates bpred_2lev.addr_hits bpred_2lev.dir_hits bpred_2lev.misses bpred_2lev.jr_hits bpred_2lev.jr_seen bpred_2lev.jr_non_ras_hits.PP bpred_2lev.jr_non_ras_seen.PP bpred_2lev.bpred_addr_rate bpred_2lev.bpred_dir_rate bpred_2lev.bpred_jr_rate bpred_2lev.bpred_jr_non_ras_rate.PP bpred_2lev.retstack_pushes bpred_2lev.retstack_pops bpred_2lev.used_ras.PP bpred_2lev.ras_hits.PP bpred_2lev.ras_rate.PP
4096 283.13037109375 84.427978515625 0.000244140625 1159702.0000 47.025390625 6.0208 47.025390625 47.025390625 38.647216796875 38.68408203125 8.34130859375 3.089111328125 3.089111328125 0 0 0.8218 0.8226 1.0000 <error: 3.089599609375 3.089111328125 3.089111328125 3.089111328125 1.0000 
8192 301.518432617188 89.0567626953125 0.0001220703125 2470039.0000 49.8665771484375 6.0465 49.8665771484375 49.8665771484375 41.142578125 41.1617431640625 8.704833984375 3.0455322265625 3.045654296875 0 0 0.8251 0.8254 1.0000 <error: 3.0458984375 3.045654296875 3.045654296875 3.0455322265625 1.0000 
16384 322.001342773438 94.4420776367188 0.0001220703125 2637835.0000 52.9999389648438 6.0755 52.9999389648438 52.9999389648438 43.7183837890625 43.7278442382812 9.2720947265625 3.02276611328125 3.0228271484375 0 0 0.8249 0.8251 1.0000 <error: 3.02294921875 3.0228271484375 3.0228271484375 3.02276611328125 1.0000 
32768 338.426422119141 98.7523803710938 9.1552734375e-05 3696519.0000 55.4727172851562 6.1008 55.4727172851562 55.4727172851562 45.2779541015625 45.2827758789062 10.18994140625 3.01138305664062 3.01141357421875 0 0 0.8162 0.8163 1.0000 <error: 3.011474609375 3.01141357421875 3.01141357421875 3.01138305664062 1.0000 
65536 357.905731201172 104.05403137207 9.1552734375e-05 3909285.0000 58.4789276123047 6.1203 58.4789276123047 58.4789276123047 47.7698974609375 47.7722778320312 10.7066497802734 3.00569152832031 3.00570678710938 0 0 0.8169 0.8169 1.0000 <error: 3.0057373046875 3.00570678710938 3.00570678710938 3.00569152832031 1.0000 
131072 379.549461364746 109.943092346191 9.918212890625e-05 3826792.8462 61.8078460693359 6.1408 61.8078460693359 61.8078460693359 50.4740295410156 50.4752731323242 11.3325729370117 3.00284576416016 3.00285339355469 0 0 0.8166 0.8166 1.0000 <error: 3.00286865234375 3.00285339355469 3.00285339355469 3.00284576416016 1.0000 
262144 396.551029205322 114.488010406494 0.0001068115234375 3712624.0357 64.3716354370117 6.1603 64.3716354370117 64.3716354370117 52.0700988769531 52.0707168579102 12.3009185791016 3.00142288208008 3.00142669677734 0 0 0.8089 0.8089 1.0000 <error: 3.00143432617188 3.00142669677734 3.00142669677734 3.00142288208008 1.0000 
524288 416.284934997559 119.909490585327 0.000108718872070312 3829003.4386 67.4256439208984 6.1740 67.4256439208984 67.4256439208984 54.6352348327637 54.6355457305908 12.7900981903076 3.00071144104004 3.00071334838867 0 0 0.8103 0.8103 1.0000 <error: 3.00071716308594 3.00071334838867 3.00071334838867 3.00071144104004 1.0000 
1048576 438.174723625183 125.895392417908 0.000115394592285156 3797185.9421 70.791672706604 6.1896 70.791672706604 70.791672706604 57.3846759796143 57.3848419189453 13.4068307876587 3.00035858154297 3.00035953521729 0 9.5367431640625e-07 0.8106 0.8106 1.0000 0.0000 3.0003604888916 3.00035858154297 3.00035858154297 3.00035858154297 1.0000 
2097152 455.210411071777 130.463164329529 0.000119686126708984 3803368.2231 73.363139629364 6.2049 73.363139629364 73.363139629364 58.9855360984802 58.9856209754944 14.3775186538696 3.00017929077148 3.00017976760864 0 4.76837158203125e-07 0.8040 0.8040 1.0000 0.0000 3.0001802444458 3.00017929077148 3.00017929077148 3.00017929077148 1.0000 
4194304 475.000361442566 135.904629707336 0.000126361846923828 3759048.8981 76.424961566925 6.2153 76.424961566925 76.424961566925 61.5476195812225 61.5476613044739 14.8773002624512 3.00008964538574 3.00008988380432 0 2.38418579101562e-07 0.8053 0.8053 1.0000 0.0000 3.0000901222229 3.00008964538574 3.00008964538574 3.00008964538574 1.0000 
