#set_size_in_keys sim_num_insn sim_num_refs sim_elapsed_time sim_inst_rate sim_num_branches sim_IPB bpred_bimod.lookups bpred_bimod.updates bpred_bimod.addr_hits bpred_bimod.dir_hits bpred_bimod.misses bpred_bimod.jr_hits bpred_bimod.jr_seen bpred_bimod.jr_non_ras_hits.PP bpred_bimod.jr_non_ras_seen.PP bpred_bimod.bpred_addr_rate bpred_bimod.bpred_dir_rate bpred_bimod.bpred_jr_rate bpred_bimod.bpred_jr_non_ras_rate.PP bpred_bimod.retstack_pushes bpred_bimod.retstack_pops bpred_bimod.used_ras.PP bpred_bimod.ras_hits.PP bpred_bimod.ras_rate.PP
4096 283.13037109375 84.427978515625 0.000244140625 1159702.0000 47.025390625 6.0208 47.025390625 47.025390625 39.395263671875 39.427978515625 7.597412109375 3.089111328125 3.089111328125 0 0 0.8377 0.8384 1.0000 <error: 3.089599609375 3.089111328125 3.089111328125 3.089111328125 1.0000 
8192 301.518432617188 89.0567626953125 0.0001220703125 2470039.0000 49.8665771484375 6.0465 49.8665771484375 49.8665771484375 41.62158203125 41.6385498046875 8.22802734375 3.0455322265625 3.045654296875 0 0 0.8347 0.8350 1.0000 <error: 3.0458984375 3.045654296875 3.045654296875 3.0455322265625 1.0000 
16384 322.001342773438 94.4420776367188 0.0001220703125 2637835.0000 52.9999389648438 6.0755 52.9999389648438 52.9999389648438 44.2052612304688 44.2137451171875 8.78619384765625 3.02276611328125 3.0228271484375 0 0 0.8341 0.8342 1.0000 <error: 3.02294921875 3.0228271484375 3.0228271484375 3.02276611328125 1.0000 
32768 338.426422119141 98.7523803710938 9.1552734375e-05 3696519.0000 55.4727172851562 6.1008 55.4727172851562 55.4727172851562 45.9010009765625 45.9052429199219 9.56747436523438 3.01138305664062 3.01141357421875 0 0 0.8275 0.8275 1.0000 <error: 3.011474609375 3.01141357421875 3.01141357421875 3.01138305664062 1.0000 
65536 357.905731201172 104.05403137207 9.1552734375e-05 3909285.0000 58.4789276123047 6.1203 58.4789276123047 58.4789276123047 48.2649383544922 48.2670745849609 10.2118530273438 3.00569152832031 3.00570678710938 0 0 0.8253 0.8254 1.0000 <error: 3.0057373046875 3.00570678710938 3.00570678710938 3.00569152832031 1.0000 
131072 379.549461364746 109.943092346191 9.1552734375e-05 4145692.2500 61.8078460693359 6.1408 61.8078460693359 61.8078460693359 51.0552368164062 51.0562973022461 10.7515487670898 3.00284576416016 3.00285339355469 0 0 0.8260 0.8260 1.0000 <error: 3.00286865234375 3.00285339355469 3.00285339355469 3.00284576416016 1.0000 
262144 396.551029205322 114.488010406494 9.918212890625e-05 3998210.5000 64.3716354370117 6.1603 64.3716354370117 64.3716354370117 52.8190269470215 52.8195533752441 11.5520820617676 3.00142288208008 3.00142669677734 0 0 0.8205 0.8205 1.0000 <error: 3.00143432617188 3.00142669677734 3.00142669677734 3.00142288208008 1.0000 
524288 416.284934997559 119.909490585327 0.0001068115234375 3897378.5000 67.4256439208984 6.1740 67.4256439208984 67.4256439208984 55.2550983428955 55.2553634643555 12.170280456543 3.00071144104004 3.00071334838867 0 0 0.8195 0.8195 1.0000 <error: 3.00071716308594 3.00071334838867 3.00071334838867 3.00071144104004 1.0000 
1048576 438.174723625183 125.895392417908 0.000113487243652344 3861004.1933 70.791672706604 6.1896 70.791672706604 70.791672706604 58.0811367034912 58.0812788009644 12.7103939056396 3.00035858154297 3.00035953521729 0 9.5367431640625e-07 0.8205 0.8205 1.0000 0.0000 3.0003604888916 3.00035858154297 3.00035858154297 3.00035858154297 1.0000 
2097152 455.210411071777 130.463164329529 0.000116825103759766 3896511.9347 73.363139629364 6.2049 73.363139629364 73.363139629364 59.8514776229858 59.8515486717224 13.5115909576416 3.00017929077148 3.00017976760864 0 4.76837158203125e-07 0.8158 0.8158 1.0000 0.0000 3.0001802444458 3.00017929077148 3.00017929077148 3.00017929077148 1.0000 
4194304 475.000361442566 135.904629707336 0.000122547149658203 3876062.0934 76.424961566925 6.2153 76.424961566925 76.424961566925 62.2862212657928 62.2862570285797 14.1387045383453 3.00008964538574 3.00008988380432 0 2.38418579101562e-07 0.8150 0.8150 1.0000 0.0000 3.0000901222229 3.00008964538574 3.00008964538574 3.00008964538574 1.0000 
