#set_size_in_keys sim_num_insn sim_num_refs sim_elapsed_time sim_inst_rate sim_num_branches sim_IPB bpred_2lev.lookups bpred_2lev.updates bpred_2lev.addr_hits bpred_2lev.dir_hits bpred_2lev.misses bpred_2lev.jr_hits bpred_2lev.jr_seen bpred_2lev.jr_non_ras_hits.PP bpred_2lev.jr_non_ras_seen.PP bpred_2lev.bpred_addr_rate bpred_2lev.bpred_dir_rate bpred_2lev.bpred_jr_rate bpred_2lev.bpred_jr_non_ras_rate.PP bpred_2lev.retstack_pushes bpred_2lev.retstack_pops bpred_2lev.used_ras.PP bpred_2lev.ras_hits.PP bpred_2lev.ras_rate.PP
4096 240.70751953125 45.330322265625 0.000244140625 985938.0000 40.04833984375 6.0104 40.04833984375 40.04833984375 32.14453125 32.16748046875 7.880859375 0.013427734375 0.013671875 0 0 0.8026 0.8032 0.9821 <error: 0.01416015625 0.013671875 0.013671875 0.013427734375 0.9821 
8192 270.861694335938 50.540771484375 0.000244140625 1109449.5000 45.10888671875 6.0046 45.10888671875 45.10888671875 36.3016357421875 36.31298828125 8.7958984375 0.0067138671875 0.0068359375 0 0 0.8048 0.8050 0.9821 <error: 0.007080078125 0.0068359375 0.0068359375 0.0067138671875 0.9821 
16384 298.221008300781 55.4434204101562 0.000244140625 1221513.2500 49.68603515625 6.0021 49.68603515625 49.68603515625 39.6732788085938 39.6790161132812 10.0070190429688 0.00335693359375 0.00341796875 0 0 0.7985 0.7986 0.9821 <error: 0.0035400390625 0.00341796875 0.00341796875 0.00335693359375 0.9821 
32768 323.352569580078 60.0536193847656 0.000274658203125 1177290.7778 53.8834228515625 6.0010 53.8834228515625 53.8834228515625 43.0523376464844 43.0550842285156 10.8283386230469 0.001678466796875 0.001708984375 0 0 0.7990 0.7990 0.9821 <error: 0.00177001953125 0.001708984375 0.001708984375 0.001678466796875 0.9821 
65536 346.406448364258 63.8568420410156 0.00030517578125 1135104.6500 57.7300720214844 6.0005 57.7300720214844 57.7300720214844 46.3572235107422 46.3585815429688 11.3714904785156 0.0008392333984375 0.0008544921875 0 0 0.8030 0.8030 0.9821 <error: 0.000885009765625 0.0008544921875 0.0008544921875 0.0008392333984375 0.9821 
131072 375.842018127441 69.2431793212891 0.000335693359375 1119599.2045 62.6381683349609 6.0002 62.6381683349609 62.6381683349609 50.0219345092773 50.0226211547852 12.6155471801758 0.00041961669921875 0.00042724609375 0 0 0.7986 0.7986 0.9821 <error: 0.0004425048828125 0.00042724609375 0.00042724609375 0.00041961669921875 0.9821 
262144 387.343677520752 71.6503562927246 0.00034332275390625 1128220.2333 64.5562019348145 6.0001 64.5562019348145 64.5562019348145 51.1105003356934 51.11083984375 13.4453620910645 0.000209808349609375 0.000213623046875 0 0 0.7917 0.7917 0.9821 <error: 0.00022125244140625 0.000213623046875 0.000213623046875 0.000209808349609375 0.9821 
524288 416.340074539185 76.9782104492188 0.000371932983398438 1119395.4103 69.3894710540771 6.0000 69.3894710540771 69.3894710540771 54.9535427093506 54.9537124633789 14.4357585906982 0.000104904174804688 0.0001068115234375 0 0 0.7920 0.7920 0.9821 <error: 0.000110626220703125 0.0001068115234375 0.0001068115234375 0.000104904174804688 0.9821 
1048576 441.764039993286 81.7131023406982 0.000394821166992188 1118896.5459 73.6270685195923 6.0000 73.6270685195923 73.6270685195923 58.2016897201538 58.2017755508423 15.42529296875 5.24520874023438e-05 5.340576171875e-05 0 0 0.7905 0.7905 0.9821 <error: 5.53131103515625e-05 5.340576171875e-05 5.340576171875e-05 5.24520874023438e-05 0.9821 
2097152 475.555016040802 87.8437151908875 0.000424385070800781 1120574.3292 79.2590346336365 6.0000 79.2590346336365 79.2590346336365 62.9345541000366 62.9345970153809 16.3244376182556 2.62260437011719e-05 2.6702880859375e-05 0 0 0.7940 0.7940 0.9821 <error: 2.76565551757812e-05 2.6702880859375e-05 2.6702880859375e-05 2.62260437011719e-05 0.9821 
4194304 494.917925596237 91.5702593326569 6.12735748291016e-05 8077183.7938 82.4862530231476 6.0000 82.4862530231476 82.4862530231476 65.1972718238831 65.1972932815552 17.2889597415924 1.31130218505859e-05 1.33514404296875e-05 0 0 0.7904 0.7904 0.9821 <error: 1.38282775878906e-05 1.33514404296875e-05 1.33514404296875e-05 1.31130218505859e-05 0.9821 
