#set_size_in_keys sim_num_insn sim_num_refs sim_elapsed_time sim_inst_rate sim_num_branches sim_IPB bpred_2lev.lookups bpred_2lev.updates bpred_2lev.addr_hits bpred_2lev.dir_hits bpred_2lev.misses bpred_2lev.jr_hits bpred_2lev.jr_seen bpred_2lev.jr_non_ras_hits.PP bpred_2lev.jr_non_ras_seen.PP bpred_2lev.bpred_addr_rate bpred_2lev.bpred_dir_rate bpred_2lev.bpred_jr_rate bpred_2lev.bpred_jr_non_ras_rate.PP bpred_2lev.retstack_pushes bpred_2lev.retstack_pops bpred_2lev.used_ras.PP bpred_2lev.ras_hits.PP bpred_2lev.ras_rate.PP
4096 221.087646484375 51.792724609375 0.000244140625 905575.0000 34.278076171875 6.4498 34.278076171875 34.278076171875 28.36279296875 28.390869140625 5.88720703125 2.089111328125 2.089111328125 0 0 0.8274 0.8283 1.0000 <error: 2.089599609375 2.089111328125 2.089111328125 2.089111328125 1.0000 
8192 236.540771484375 55.8250732421875 0.0001220703125 1937742.0000 36.0758056640625 6.5568 36.0758056640625 36.0758056640625 29.7412109375 29.7557373046875 6.320068359375 2.0457763671875 2.0460205078125 0 0.0001220703125 0.8244 0.8248 0.9999 0.0000 2.046142578125 2.0458984375 2.0458984375 2.0457763671875 0.9999 
16384 248.055480957031 56.3457641601562 6.103515625e-05 4064141.0000 37.7984008789062 6.5626 37.7984008789062 37.7984008789062 31.0027465820312 31.0098266601562 6.78857421875 2.02276611328125 2.0228271484375 0 0 0.8202 0.8204 1.0000 <error: 2.02294921875 2.0228271484375 2.0228271484375 2.02276611328125 1.0000 
32768 265.063385009766 61.1089782714844 6.103515625e-05 4342798.5000 39.837646484375 6.6536 39.837646484375 39.837646484375 32.5537109375 32.5573425292969 7.28030395507812 2.01144409179688 2.01150512695312 0 3.0517578125e-05 0.8172 0.8173 1.0000 0.0000 2.01153564453125 2.011474609375 2.011474609375 2.01144409179688 1.0000 
65536 277.299514770508 61.9864501953125 6.103515625e-05 4543275.2500 41.668212890625 6.6549 41.668212890625 41.668212890625 33.8818054199219 33.8835296630859 7.78468322753906 2.00569152832031 2.00570678710938 0 0 0.8131 0.8132 1.0000 <error: 2.0057373046875 2.00570678710938 2.00570678710938 2.00569152832031 1.0000 
131072 294.671394348145 66.9261245727539 6.103515625e-05 4827896.1250 43.7712249755859 6.7321 43.7712249755859 43.7712249755859 35.4820556640625 35.4829940795898 8.28823089599609 2.00286102294922 2.00287628173828 0 7.62939453125e-06 0.8106 0.8106 1.0000 0.0000 2.00288391113281 2.00286865234375 2.00286865234375 2.00286102294922 1.0000 
262144 307.104267120361 67.8952217102051 6.866455078125e-05 4472530.0556 45.6351509094238 6.7296 45.6351509094238 45.6351509094238 36.8518714904785 36.8523139953613 8.7828369140625 2.00142288208008 2.00142669677734 0 0 0.8075 0.8075 1.0000 <error: 2.00143432617188 2.00142669677734 2.00142669677734 2.00142288208008 1.0000 
524288 324.571088790894 72.8797054290771 7.62939453125e-05 4254218.1750 47.7553024291992 6.7965 47.7553024291992 47.7553024291992 38.4754676818848 38.475700378418 9.27960205078125 2.0007152557373 2.00071907043457 0 1.9073486328125e-06 0.8057 0.8057 1.0000 0.0000 2.0007209777832 2.00071716308594 2.00071716308594 2.0007152557373 1.0000 
1048576 337.066745758057 73.8810157775879 7.72476196289062e-05 4363458.0247 49.6280574798584 6.7919 49.6280574798584 49.6280574798584 39.8432970046997 39.8434228897095 9.78463459014893 2.00035858154297 2.00035953521729 0 9.5367431640625e-07 0.8028 0.8028 1.0000 0.0000 2.0003604888916 2.00035858154297 2.00035858154297 2.00035858154297 1.0000 
2097152 354.554022312164 78.87495470047 4.00543212890625e-05 8851829.4881 51.7517509460449 6.8511 51.7517509460449 51.7517509460449 41.4716963768005 41.4717597961426 10.2799911499023 2.00018072128296 2.00018119812012 4.76837158203125e-07 9.5367431640625e-07 0.8014 0.8014 1.0000 0.5000 2.00018119812012 2.0001802444458 2.0001802444458 2.0001802444458 1.0000 
4194304 367.053047657013 79.8731868267059 4.1961669921875e-05 8747341.2841 53.6264364719391 6.8446 53.6264364719391 53.6264364719391 42.8462860584259 42.8463177680969 10.7801187038422 2.00008964538574 2.00008988380432 0 2.38418579101562e-07 0.7990 0.7990 1.0000 0.0000 2.0000901222229 2.00008964538574 2.00008964538574 2.00008964538574 1.0000 
