#set_size_in_keys sim_num_insn sim_num_refs sim_elapsed_time sim_inst_rate sim_num_branches sim_IPB bpred_2lev.lookups bpred_2lev.updates bpred_2lev.addr_hits bpred_2lev.dir_hits bpred_2lev.misses bpred_2lev.jr_hits bpred_2lev.jr_seen bpred_2lev.jr_non_ras_hits.PP bpred_2lev.jr_non_ras_seen.PP bpred_2lev.bpred_addr_rate bpred_2lev.bpred_dir_rate bpred_2lev.bpred_jr_rate bpred_2lev.bpred_jr_non_ras_rate.PP bpred_2lev.retstack_pushes bpred_2lev.retstack_pops bpred_2lev.used_ras.PP bpred_2lev.ras_hits.PP bpred_2lev.ras_rate.PP
4096 221.087646484375 51.792724609375 0.000244140625 905575.0000 34.278076171875 6.4498 34.278076171875 34.278076171875 28.1904296875 28.21826171875 6.059814453125 2.089111328125 2.089111328125 0 0 0.8224 0.8232 1.0000 <error: 2.089599609375 2.089111328125 2.089111328125 2.089111328125 1.0000 
8192 236.540771484375 55.8250732421875 0.0001220703125 1937742.0000 36.0758056640625 6.5568 36.0758056640625 36.0758056640625 29.5380859375 29.552734375 6.5230712890625 2.0457763671875 2.0460205078125 0 0.0001220703125 0.8188 0.8192 0.9999 0.0000 2.046142578125 2.0458984375 2.0458984375 2.0457763671875 0.9999 
16384 248.055480957031 56.3457641601562 6.103515625e-05 4064141.0000 37.7984008789062 6.5626 37.7984008789062 37.7984008789062 30.8152465820312 30.8223266601562 6.97607421875 2.02276611328125 2.0228271484375 0 0 0.8153 0.8154 1.0000 <error: 2.02294921875 2.0228271484375 2.0228271484375 2.02276611328125 1.0000 
32768 265.063385009766 61.1089782714844 6.103515625e-05 4342798.5000 39.837646484375 6.6536 39.837646484375 39.837646484375 32.3563232421875 32.3600769042969 7.47756958007812 2.01144409179688 2.01150512695312 0 3.0517578125e-05 0.8122 0.8123 1.0000 0.0000 2.01153564453125 2.011474609375 2.011474609375 2.01144409179688 1.0000 
65536 277.299514770508 61.9864501953125 7.62939453125e-05 3634620.2000 41.668212890625 6.6549 41.668212890625 41.668212890625 33.6676635742188 33.6694793701172 7.99873352050781 2.00569152832031 2.00570678710938 0 0 0.8080 0.8080 1.0000 <error: 2.0057373046875 2.00570678710938 2.00570678710938 2.00569152832031 1.0000 
131072 294.671394348145 66.9261245727539 6.866455078125e-05 4291463.2222 43.7712249755859 6.7321 43.7712249755859 43.7712249755859 35.2666015625 35.2675323486328 8.50369262695312 2.00286102294922 2.00287628173828 0 7.62939453125e-06 0.8057 0.8057 1.0000 0.0000 2.00288391113281 2.00286865234375 2.00286865234375 2.00286102294922 1.0000 
262144 307.104267120361 67.8952217102051 6.866455078125e-05 4472530.0556 45.6351509094238 6.7296 45.6351509094238 45.6351509094238 36.6272888183594 36.6277351379395 9.00741577148438 2.00142288208008 2.00142669677734 0 0 0.8026 0.8026 1.0000 <error: 2.00143432617188 2.00142669677734 2.00142669677734 2.00142288208008 1.0000 
524288 324.571088790894 72.8797054290771 7.43865966796875e-05 4363300.6923 47.7553024291992 6.7965 47.7553024291992 47.7553024291992 38.2462882995605 38.246524810791 9.5087776184082 2.0007152557373 2.00071907043457 0 1.9073486328125e-06 0.8009 0.8009 1.0000 0.0000 2.0007209777832 2.00071716308594 2.00071716308594 2.0007152557373 1.0000 
1048576 337.066745758057 73.8810157775879 7.72476196289062e-05 4363458.0247 49.6280574798584 6.7919 49.6280574798584 49.6280574798584 39.6099042892456 39.6100301742554 10.018027305603 2.00035858154297 2.00035953521729 0 9.5367431640625e-07 0.7981 0.7981 1.0000 0.0000 2.0003604888916 2.00035858154297 2.00035858154297 2.00035858154297 1.0000 
2097152 354.554022312164 78.87495470047 4.05311584472656e-05 8747690.3176 51.7517509460449 6.8511 51.7517509460449 51.7517509460449 41.2305879592896 41.2306518554688 10.5210990905762 2.00018072128296 2.00018119812012 4.76837158203125e-07 9.5367431640625e-07 0.7967 0.7967 1.0000 0.5000 2.00018119812012 2.0001802444458 2.0001802444458 2.0001802444458 1.0000 
4194304 367.053047657013 79.8731868267059 4.14848327636719e-05 8847885.4368 53.6264364719391 6.8446 53.6264364719391 53.6264364719391 42.6009585857391 42.6009902954102 11.0254461765289 2.00008964538574 2.00008988380432 0 2.38418579101562e-07 0.7944 0.7944 1.0000 0.0000 2.0000901222229 2.00008964538574 2.00008964538574 2.00008964538574 1.0000 
