#set_size_in_keys sim_num_insn sim_num_refs sim_elapsed_time sim_inst_rate sim_num_branches sim_IPB bpred_2lev.lookups bpred_2lev.updates bpred_2lev.addr_hits bpred_2lev.dir_hits bpred_2lev.misses bpred_2lev.jr_hits bpred_2lev.jr_seen bpred_2lev.jr_non_ras_hits.PP bpred_2lev.jr_non_ras_seen.PP bpred_2lev.bpred_addr_rate bpred_2lev.bpred_dir_rate bpred_2lev.bpred_jr_rate bpred_2lev.bpred_jr_non_ras_rate.PP bpred_2lev.retstack_pushes bpred_2lev.retstack_pops bpred_2lev.used_ras.PP bpred_2lev.ras_hits.PP bpred_2lev.ras_rate.PP
4096 210.08203125 55.925048828125 0.000244140625 860496.0000 27.582763671875 7.6164 27.582763671875 27.582763671875 21.24560546875 21.28125 6.301513671875 0.017822265625 0.01806640625 0 0 0.7702 0.7715 0.9865 <error: 0.0185546875 0.01806640625 0.01806640625 0.017822265625 0.9865 
8192 213.710693359375 57.61328125 0.0001220703125 1750718.0000 28.7763671875 7.4266 28.7763671875 28.7763671875 21.896240234375 21.915771484375 6.860595703125 0.0093994140625 0.009521484375 0 0 0.7609 0.7616 0.9872 <error: 0.009765625 0.009521484375 0.009521484375 0.0093994140625 0.9872 
16384 241.600891113281 64.1736450195312 6.103515625e-05 3958389.0000 31.4152221679688 7.6906 31.4152221679688 31.4152221679688 24.1565551757812 24.1665649414062 7.2486572265625 0.00518798828125 0.0052490234375 0 0 0.7689 0.7693 0.9884 <error: 0.00537109375 0.0052490234375 0.0052490234375 0.00518798828125 0.9884 
32768 245.952819824219 66.2295532226562 3.0517578125e-05 8059382.0000 32.6827697753906 7.5255 32.6827697753906 32.6827697753906 24.8317565917969 24.836669921875 7.84609985351562 0.003082275390625 0.00311279296875 0 0 0.7598 0.7599 0.9902 <error: 0.003173828125 0.00311279296875 0.00311279296875 0.003082275390625 0.9902 
65536 274.411895751953 73.0207672119141 3.0517578125e-05 8991929.0000 35.4024658203125 7.7512 35.4024658203125 35.4024658203125 27.1285247802734 27.1309204101562 8.27154541015625 0.0020294189453125 0.002044677734375 0 0 0.7663 0.7664 0.9925 <error: 0.0020751953125 0.002044677734375 0.002044677734375 0.0020294189453125 0.9925 
131072 278.89151763916 75.165283203125 2.288818359375e-05 12184956.3333 36.6964263916016 7.6000 36.6964263916016 36.6964263916016 27.8148727416992 27.8160781860352 8.88034820556641 0.00150299072265625 0.0015106201171875 0 0 0.7580 0.7580 0.9949 <error: 0.00152587890625 0.0015106201171875 0.0015106201171875 0.00150299072265625 0.9949 
262144 295.410015106201 79.6590766906738 3.0517578125e-05 9679995.3750 38.703369140625 7.6327 38.703369140625 38.703369140625 29.3056144714355 29.3064765930176 9.39689254760742 0.00130081176757812 0.00131607055664062 0 7.62939453125e-06 0.7572 0.7572 0.9884 0.0000 0.00131607055664062 0.00130844116210938 0.00130844116210938 0.00130081176757812 0.9942 
524288 423.965431213379 114.219366073608 4.76837158203125e-05 8891199.5200 58.4971446990967 7.2476 58.4971446990967 58.4971446990967 46.8688259124756 46.8693046569824 11.6278400421143 1.00116539001465 1.00116729736328 0 1.9073486328125e-06 0.8012 0.8012 1.0000 0.0000 1.00116920471191 1.00116539001465 1.00116539001465 1.00116539001465 1.0000 
1048576 449.204507827759 122.116713523865 4.86373901367188e-05 9235785.6078 64.0562839508057 7.0127 64.0562839508057 64.0562839508057 51.9802274703979 51.9804763793945 12.0758075714111 1.00107288360596 1.00107383728027 0 9.5367431640625e-07 0.8115 0.8115 1.0000 0.0000 1.00107479095459 1.00107288360596 1.00107288360596 1.00107288360596 1.0000 
2097152 491.837174892426 133.034518718719 5.43594360351562e-05 9047871.1842 69.5981116294861 7.0668 69.5981116294861 69.5981116294861 56.0279903411865 56.0281143188477 13.5699973106384 1.00102663040161 1.00102710723877 0 4.76837158203125e-07 0.8050 0.8050 1.0000 0.0000 1.00102758407593 1.00102663040161 1.00102663040161 1.00102663040161 1.0000 
4194304 519.334996700287 142.083025455475 5.76972961425781e-05 9001028.3223 74.995231628418 6.9249 74.995231628418 74.995231628418 59.7527778148651 59.7528395652771 15.2423920631409 1.00100350379944 1.00100374221802 0 2.38418579101562e-07 0.7968 0.7968 1.0000 0.0000 1.0010039806366 1.00100350379944 1.00100350379944 1.00100350379944 1.0000 
