#set_size_in_keys sim_num_insn sim_num_refs sim_elapsed_time sim_inst_rate sim_num_branches sim_IPB bpred_bimod.lookups bpred_bimod.updates bpred_bimod.addr_hits bpred_bimod.dir_hits bpred_bimod.misses bpred_bimod.jr_hits bpred_bimod.jr_seen bpred_bimod.jr_non_ras_hits.PP bpred_bimod.jr_non_ras_seen.PP bpred_bimod.bpred_addr_rate bpred_bimod.bpred_dir_rate bpred_bimod.bpred_jr_rate bpred_bimod.bpred_jr_non_ras_rate.PP bpred_bimod.retstack_pushes bpred_bimod.retstack_pops bpred_bimod.used_ras.PP bpred_bimod.ras_hits.PP bpred_bimod.ras_rate.PP
4096 210.08935546875 55.92333984375 0.000244140625 860526.0000 27.58349609375 7.6165 27.58349609375 27.58349609375 21.30712890625 21.342529296875 6.240966796875 0.018798828125 0.01904296875 0 0 0.7725 0.7737 0.9872 <error: 0.01953125 0.01904296875 0.01904296875 0.018798828125 0.9872 
8192 213.835205078125 57.6357421875 0.0001220703125 1751738.0000 28.7939453125 7.4264 28.7939453125 28.7939453125 22.4761962890625 22.494384765625 6.299560546875 0.0103759765625 0.010498046875 0 0 0.7806 0.7812 0.9884 <error: 0.0107421875 0.010498046875 0.010498046875 0.0103759765625 0.9884 
16384 241.726928710938 64.1953735351562 6.103515625e-05 3960454.0000 31.4324951171875 7.6904 31.4324951171875 31.4324951171875 24.2149047851562 24.2238159179688 7.20867919921875 0.00616455078125 0.0062255859375 0 0 0.7704 0.7707 0.9902 <error: 0.00634765625 0.0062255859375 0.0062255859375 0.00616455078125 0.9902 
32768 246.029327392578 66.2408447265625 3.0517578125e-05 8061889.0000 32.6931762695312 7.5254 32.6931762695312 32.6931762695312 25.394287109375 25.39892578125 7.29425048828125 0.004058837890625 0.00408935546875 0 0 0.7767 0.7769 0.9925 <error: 0.004150390625 0.00408935546875 0.00408935546875 0.004058837890625 0.9925 
65536 274.459671020508 73.0252838134766 3.0517578125e-05 8993494.5000 35.4084014892578 7.7513 35.4084014892578 35.4084014892578 27.2107086181641 27.2129516601562 8.19544982910156 0.0030059814453125 0.003021240234375 0 0 0.7685 0.7685 0.9949 <error: 0.0030517578125 0.003021240234375 0.003021240234375 0.0030059814453125 0.9949 
131072 278.941925048828 75.1707611083984 3.0517578125e-05 9140369.0000 36.7030258178711 7.6000 36.7030258178711 36.7030258178711 28.4218063354492 28.4229736328125 8.28005218505859 0.00247955322265625 0.0024871826171875 0 0 0.7744 0.7744 0.9969 <error: 0.00250244140625 0.0024871826171875 0.0024871826171875 0.00247955322265625 0.9969 
262144 295.448440551758 79.6614036560059 3.4332275390625e-05 8605559.5556 38.7078971862793 7.6328 38.7078971862793 38.7078971862793 29.9240875244141 29.9246520996094 8.78324508666992 0.00221633911132812 0.00222015380859375 0 0 0.7731 0.7731 0.9983 <error: 0.002227783203125 0.00222015380859375 0.00222015380859375 0.00221633911132812 0.9983 
524288 426.007179260254 116.2223777771 5.14984130859375e-05 8272238.9630 58.5022754669189 7.2819 58.5022754669189 58.5022754669189 46.6225242614746 46.6229248046875 11.8793506622314 1.00214195251465 1.00214385986328 0 1.9073486328125e-06 0.7969 0.7969 1.0000 0.0000 1.00214576721191 1.00214195251465 1.00214195251465 1.00214195251465 1.0000 
1048576 451.238024711609 124.118430137634 0.000481605529785156 936945.2733 64.0605478286743 7.0439 64.0605478286743 64.0605478286743 51.8898725509644 51.8900842666626 12.1704635620117 1.00204944610596 1.00205039978027 0 9.5367431640625e-07 0.8100 0.8100 1.0000 0.0000 1.00205135345459 1.00204944610596 1.00204944610596 1.00204944610596 1.0000 
2097152 493.870913505554 135.035810947418 0.000525474548339844 939856.9637 69.6020908355713 7.0956 69.6020908355713 69.6020908355713 55.73615026474 55.7362546920776 13.8658361434937 1.00200319290161 1.00200366973877 0 4.76837158203125e-07 0.8008 0.8008 1.0000 0.0000 1.00200414657593 1.00200319290161 1.00200319290161 1.00200319290161 1.0000 
4194304 521.372492790222 144.085593223572 6.03199005126953e-05 8643457.4387 75.0000603199005 6.9516 75.0000603199005 75.0000603199005 60.10968708992 60.1097402572632 14.8903200626373 1.00198006629944 1.00198030471802 0 2.38418579101562e-07 0.8015 0.8015 1.0000 0.0000 1.0019805431366 1.00198006629944 1.00198006629944 1.00198006629944 1.0000 
