#set_size_in_keys sim_num_insn sim_num_refs sim_elapsed_time sim_inst_rate sim_num_branches sim_IPB bpred_2lev.lookups bpred_2lev.updates bpred_2lev.addr_hits bpred_2lev.dir_hits bpred_2lev.misses bpred_2lev.jr_hits bpred_2lev.jr_seen bpred_2lev.jr_non_ras_hits.PP bpred_2lev.jr_non_ras_seen.PP bpred_2lev.bpred_addr_rate bpred_2lev.bpred_dir_rate bpred_2lev.bpred_jr_rate bpred_2lev.bpred_jr_non_ras_rate.PP bpred_2lev.retstack_pushes bpred_2lev.retstack_pops bpred_2lev.used_ras.PP bpred_2lev.ras_hits.PP bpred_2lev.ras_rate.PP
4096 210.08203125 55.925048828125 0.000244140625 860496.0000 27.582763671875 7.6164 27.582763671875 27.582763671875 21.425537109375 21.46337890625 6.119384765625 0.017822265625 0.01806640625 0 0 0.7768 0.7781 0.9865 <error: 0.0185546875 0.01806640625 0.01806640625 0.017822265625 0.9865 
8192 213.710693359375 57.61328125 0.0001220703125 1750718.0000 28.7763671875 7.4266 28.7763671875 28.7763671875 22.281005859375 22.300537109375 6.475830078125 0.0093994140625 0.009521484375 0 0 0.7743 0.7750 0.9872 <error: 0.009765625 0.009521484375 0.009521484375 0.0093994140625 0.9872 
16384 241.600891113281 64.1736450195312 6.103515625e-05 3958389.0000 31.4152221679688 7.6906 31.4152221679688 31.4152221679688 24.3506469726562 24.3607177734375 7.05450439453125 0.00518798828125 0.0052490234375 0 0 0.7751 0.7754 0.9884 <error: 0.00537109375 0.0052490234375 0.0052490234375 0.00518798828125 0.9884 
32768 245.952819824219 66.2295532226562 3.0517578125e-05 8059382.0000 32.6827697753906 7.5255 32.6827697753906 32.6827697753906 25.2513122558594 25.2562561035156 7.426513671875 0.003082275390625 0.00311279296875 0 0 0.7726 0.7728 0.9902 <error: 0.003173828125 0.00311279296875 0.00311279296875 0.003082275390625 0.9902 
65536 274.411895751953 73.0207672119141 3.0517578125e-05 8991929.0000 35.4024658203125 7.7512 35.4024658203125 35.4024658203125 27.3368530273438 27.3393402099609 8.06312561035156 0.0020294189453125 0.002044677734375 0 0 0.7722 0.7722 0.9925 <error: 0.0020751953125 0.002044677734375 0.002044677734375 0.0020294189453125 0.9925 
131072 278.89151763916 75.165283203125 3.0517578125e-05 9138717.2500 36.6964263916016 7.6000 36.6964263916016 36.6964263916016 28.2486343383789 28.2498931884766 8.446533203125 0.00150299072265625 0.0015106201171875 0 0 0.7698 0.7698 0.9949 <error: 0.00152587890625 0.0015106201171875 0.0015106201171875 0.00150299072265625 0.9949 
262144 295.410015106201 79.6590766906738 3.0517578125e-05 9679995.3750 38.703369140625 7.6327 38.703369140625 38.703369140625 29.743595123291 29.744457244873 8.95891189575195 0.00130081176757812 0.00131607055664062 0 7.62939453125e-06 0.7685 0.7685 0.9884 0.0000 0.00131607055664062 0.00130844116210938 0.00130844116210938 0.00130081176757812 0.9942 
524288 423.965431213379 114.219366073608 4.57763671875e-05 9261666.1667 58.4971446990967 7.2476 58.4971446990967 58.4971446990967 47.4508972167969 47.4513626098633 11.0457820892334 1.00116539001465 1.00116729736328 0 1.9073486328125e-06 0.8112 0.8112 1.0000 0.0000 1.00116920471191 1.00116539001465 1.00116539001465 1.00116539001465 1.0000 
1048576 449.204507827759 122.116713523865 5.05447387695312e-05 8887265.3962 64.0562839508057 7.0127 64.0562839508057 64.0562839508057 52.7997093200684 52.7999582290649 11.2563257217407 1.00107288360596 1.00107383728027 0 9.5367431640625e-07 0.8243 0.8243 1.0000 0.0000 1.00107479095459 1.00107288360596 1.00107288360596 1.00107288360596 1.0000 
2097152 491.837174892426 133.034518718719 5.43594360351562e-05 9047871.1842 69.5981116294861 7.0668 69.5981116294861 69.5981116294861 57.1694226264954 57.1695461273193 12.4285655021667 1.00102663040161 1.00102710723877 0 4.76837158203125e-07 0.8214 0.8214 1.0000 0.0000 1.00102758407593 1.00102663040161 1.00102663040161 1.00102663040161 1.0000 
4194304 519.334996700287 142.083025455475 5.79357147216797e-05 8963987.0535 74.995231628418 6.9249 74.995231628418 74.995231628418 61.529373884201 61.5294344425201 13.4657971858978 1.00100350379944 1.00100374221802 0 2.38418579101562e-07 0.8204 0.8204 1.0000 0.0000 1.0010039806366 1.00100350379944 1.00100350379944 1.00100350379944 1.0000 
