#set_size_in_keys sim_num_insn sim_num_refs sim_elapsed_time sim_inst_rate sim_num_branches sim_IPB bpred_bimod.lookups bpred_bimod.updates bpred_bimod.addr_hits bpred_bimod.dir_hits bpred_bimod.misses bpred_bimod.jr_hits bpred_bimod.jr_seen bpred_bimod.jr_non_ras_hits.PP bpred_bimod.jr_non_ras_seen.PP bpred_bimod.bpred_addr_rate bpred_bimod.bpred_dir_rate bpred_bimod.bpred_jr_rate bpred_bimod.bpred_jr_non_ras_rate.PP bpred_bimod.retstack_pushes bpred_bimod.retstack_pops bpred_bimod.used_ras.PP bpred_bimod.ras_hits.PP bpred_bimod.ras_rate.PP
4096 219.8154296875 47.149169921875 0.000244140625 900364.0000 35.490478515625 6.1936 35.490478515625 35.490478515625 27.24169921875 27.26611328125 8.224365234375 0.013427734375 0.013671875 0 0 0.7676 0.7683 0.9821 <error: 0.01416015625 0.013671875 0.013671875 0.013427734375 0.9821 
8192 243.421508789062 51.130859375 0.0001220703125 1994109.0000 39.4735107421875 6.1667 39.4735107421875 39.4735107421875 30.328857421875 30.3409423828125 9.132568359375 0.0067138671875 0.0068359375 0 0 0.7683 0.7686 0.9821 <error: 0.007080078125 0.0068359375 0.0068359375 0.0067138671875 0.9821 
16384 278.366088867188 56.2092895507812 6.103515625e-05 4560750.0000 45.4146118164062 6.1294 45.4146118164062 45.4146118164062 34.8654174804688 34.8713989257812 10.543212890625 0.00335693359375 0.00341796875 0 0 0.7677 0.7678 0.9821 <error: 0.0035400390625 0.00341796875 0.00341796875 0.00335693359375 0.9821 
32768 303.868438720703 60.7448425292969 3.0517578125e-05 9957161.0000 49.6866149902344 6.1157 49.6866149902344 49.6866149902344 38.1438903808594 38.1469116210938 11.5397033691406 0.001678466796875 0.001708984375 0 0 0.7677 0.7678 0.9821 <error: 0.00177001953125 0.001708984375 0.001708984375 0.001678466796875 0.9821 
65536 324.234024047852 70.6089172363281 4.57763671875e-05 7083000.3333 52.4937438964844 6.1766 52.4937438964844 52.4937438964844 41.1406707763672 41.1421966552734 11.3515472412109 0.0008392333984375 0.0008544921875 0 0 0.7837 0.7838 0.9821 <error: 0.000885009765625 0.0008544921875 0.0008544921875 0.0008392333984375 0.9821 
131072 361.584411621094 77.4178695678711 4.57763671875e-05 7898932.0000 58.7116775512695 6.1586 58.7116775512695 58.7116775512695 46.2239837646484 46.224739074707 12.4869384765625 0.00041961669921875 0.00042724609375 0 0 0.7873 0.7873 0.9821 <error: 0.0004425048828125 0.00042724609375 0.00042724609375 0.00041961669921875 0.9821 
262144 371.939960479736 76.6944198608398 0.000324249267578125 1147080.3412 60.7059936523438 6.1269 60.7059936523438 60.7059936523438 47.1913261413574 47.1917114257812 13.5142822265625 0.000209808349609375 0.000213623046875 0 0 0.7774 0.7774 0.9821 <error: 0.00022125244140625 0.000213623046875 0.000213623046875 0.000209808349609375 0.9821 
524288 399.680500030518 81.1172027587891 4.9591064453125e-05 8059526.5385 65.393238067627 6.1120 65.393238067627 65.393238067627 50.6596622467041 50.659854888916 14.7333831787109 0.000104904174804688 0.0001068115234375 0 0 0.7747 0.7747 0.9821 <error: 0.000110626220703125 0.0001068115234375 0.0001068115234375 0.000104904174804688 0.9821 
1048576 423.871543884277 84.3878154754639 0.0003814697265625 1111153.8200 69.5398025512695 6.0954 69.5398025512695 69.5398025512695 53.626766204834 53.6268615722656 15.9129409790039 5.24520874023438e-05 5.340576171875e-05 0 0 0.7712 0.7712 0.9821 <error: 5.53131103515625e-05 5.340576171875e-05 5.340576171875e-05 5.24520874023438e-05 0.9821 
2097152 455.223992347717 91.094021320343 5.57899475097656e-05 8159606.0342 74.676082611084 6.0960 74.676082611084 74.676082611084 57.7326068878174 57.732654094696 16.9434285163879 2.62260437011719e-05 2.6702880859375e-05 0 0 0.7731 0.7731 0.9821 <error: 2.76565551757812e-05 2.6702880859375e-05 2.6702880859375e-05 2.62260437011719e-05 0.9821 
4194304 475.163735151291 92.0518789291382 0.000418901443481445 1134309.1377 78.2598836421967 6.0716 78.2598836421967 78.2598836421967 60.2004008293152 60.2004241943359 18.0594594478607 1.31130218505859e-05 1.33514404296875e-05 0 0 0.7692 0.7692 0.9821 <error: 1.38282775878906e-05 1.33514404296875e-05 1.33514404296875e-05 1.31130218505859e-05 0.9821 
