#set_size_in_keys sim_num_insn sim_num_refs sim_elapsed_time sim_inst_rate sim_num_branches sim_IPB bpred_2lev.lookups bpred_2lev.updates bpred_2lev.addr_hits bpred_2lev.dir_hits bpred_2lev.misses bpred_2lev.jr_hits bpred_2lev.jr_seen bpred_2lev.jr_non_ras_hits.PP bpred_2lev.jr_non_ras_seen.PP bpred_2lev.bpred_addr_rate bpred_2lev.bpred_dir_rate bpred_2lev.bpred_jr_rate bpred_2lev.bpred_jr_non_ras_rate.PP bpred_2lev.retstack_pushes bpred_2lev.retstack_pops bpred_2lev.used_ras.PP bpred_2lev.ras_hits.PP bpred_2lev.ras_rate.PP
4096 248.56640625 68.37646484375 0.000244140625 1018128.0000 41.98974609375 5.9197 41.98974609375 41.98974609375 32.396240234375 32.427978515625 9.561767578125 1.014404296875 1.014404296875 0 0 0.7715 0.7723 1.0000 <error: 1.014892578125 1.014404296875 1.014404296875 1.014404296875 1.0000 
8192 267.187377929688 73.3057861328125 0.0001220703125 2188799.0000 45.24609375 5.9052 45.24609375 45.24609375 35.1195068359375 35.136474609375 10.109619140625 1.0081787109375 1.00830078125 0 0 0.7762 0.7766 0.9999 <error: 1.008544921875 1.00830078125 1.00830078125 1.0081787109375 0.9999 
16384 288.611877441406 79.0228271484375 6.103515625e-05 4728617.0000 48.9295654296875 5.8985 48.9295654296875 48.9295654296875 38.1426391601562 38.151123046875 10.7784423828125 1.00408935546875 1.004150390625 0 0 0.7795 0.7797 0.9999 <error: 1.0042724609375 1.004150390625 1.004150390625 1.00408935546875 0.9999 
32768 305.22216796875 83.4243469238281 6.103515625e-05 5000760.0000 51.72607421875 5.9007 51.72607421875 51.72607421875 39.8729553222656 39.8771057128906 11.8489685058594 1.00204467773438 1.0020751953125 0 0 0.7708 0.7709 1.0000 <error: 1.00213623046875 1.0020751953125 1.0020751953125 1.00204467773438 1.0000 
65536 324.971206665039 88.8230895996094 4.57763671875e-05 7099104.3333 55.1262664794922 5.8950 55.1262664794922 55.1262664794922 42.6125335693359 42.6146850585938 12.5115814208984 1.00102233886719 1.00103759765625 0 0 0.7730 0.7730 1.0000 <error: 1.00106811523438 1.00103759765625 1.00103759765625 1.00102233886719 1.0000 
131072 346.801727294922 94.772590637207 4.57763671875e-05 7575999.3333 58.8560638427734 5.8924 58.8560638427734 58.8560638427734 45.677864074707 45.678955078125 13.1771087646484 1.00051116943359 1.00051879882812 0 0 0.7761 0.7761 1.0000 <error: 1.00053405761719 1.00051879882812 1.00051879882812 1.00051116943359 1.0000 
262144 363.842060089111 99.3352508544922 4.9591064453125e-05 7336847.1538 61.7152061462402 5.8955 61.7152061462402 61.7152061462402 47.4890213012695 47.4895553588867 14.2256507873535 1.0002555847168 1.00025939941406 0 0 0.7695 0.7695 1.0000 <error: 1.00026702880859 1.00025939941406 1.00025939941406 1.0002555847168 1.0000 
524288 383.613208770752 104.767292022705 5.14984130859375e-05 7449029.7037 65.1130104064941 5.8915 65.1130104064941 65.1130104064941 50.1869583129883 50.1872291564941 14.92578125 1.0001277923584 1.00012969970703 0 0 0.7708 0.7708 1.0000 <error: 1.0001335144043 1.00012969970703 1.00012969970703 1.0001277923584 1.0000 
1048576 405.502168655396 110.759816169739 5.43594360351562e-05 7459646.3509 68.8550806045532 5.8892 68.8550806045532 68.8550806045532 53.3130531311035 53.3132009506226 15.5418796539307 1.00006675720215 1.00006771087646 0 9.5367431640625e-07 0.7743 0.7743 1.0000 0.0000 1.00006866455078 1.00006675720215 1.00006675720215 1.00006675720215 1.0000 
2097152 422.559717655182 115.333509922028 5.7220458984375e-05 7384766.3083 71.715434551239 5.8922 71.715434551239 71.715434551239 55.13676404953 55.1368398666382 16.5785946846008 1.00003337860107 1.00003385543823 0 4.76837158203125e-07 0.7688 0.7688 1.0000 0.0000 1.00003433227539 1.00003337860107 1.00003337860107 1.00003337860107 1.0000 
4194304 442.362344503403 120.779492855072 6.00814819335938e-05 7362706.9484 75.1203103065491 5.8887 75.1203103065491 75.1203103065491 57.8787763118744 57.8788146972656 17.2414956092834 1.00001668930054 1.00001692771912 0 2.38418579101562e-07 0.7705 0.7705 1.0000 0.0000 1.0000171661377 1.00001668930054 1.00001668930054 1.00001668930054 1.0000 
