#set_size_in_keys sim_num_insn sim_num_refs sim_elapsed_time sim_inst_rate sim_num_branches sim_IPB bpred_bimod.lookups bpred_bimod.updates bpred_bimod.addr_hits bpred_bimod.dir_hits bpred_bimod.misses bpred_bimod.jr_hits bpred_bimod.jr_seen bpred_bimod.jr_non_ras_hits.PP bpred_bimod.jr_non_ras_seen.PP bpred_bimod.bpred_addr_rate bpred_bimod.bpred_dir_rate bpred_bimod.bpred_jr_rate bpred_bimod.bpred_jr_non_ras_rate.PP bpred_bimod.retstack_pushes bpred_bimod.retstack_pops bpred_bimod.used_ras.PP bpred_bimod.ras_hits.PP bpred_bimod.ras_rate.PP
4096 240.70751953125 45.330322265625 0.000244140625 985938.0000 40.04833984375 6.0104 40.04833984375 40.04833984375 31.200927734375 31.223388671875 8.824951171875 0.013427734375 0.013671875 0 0 0.7791 0.7796 0.9821 <error: 0.01416015625 0.013671875 0.013671875 0.013427734375 0.9821 
8192 270.861694335938 50.540771484375 0.000244140625 1109449.5000 45.10888671875 6.0046 45.10888671875 45.10888671875 35.4837646484375 35.4951171875 9.61376953125 0.0067138671875 0.0068359375 0 0 0.7866 0.7869 0.9821 <error: 0.007080078125 0.0068359375 0.0068359375 0.0067138671875 0.9821 
16384 298.221008300781 55.4434204101562 0.000244140625 1221513.2500 49.68603515625 6.0021 49.68603515625 49.68603515625 38.6881103515625 38.69384765625 10.9921875 0.00335693359375 0.00341796875 0 0 0.7787 0.7788 0.9821 <error: 0.0035400390625 0.00341796875 0.00341796875 0.00335693359375 0.9821 
32768 323.352569580078 60.0536193847656 0.000274658203125 1177290.7778 53.8834228515625 6.0010 53.8834228515625 53.8834228515625 41.9266357421875 41.9294738769531 11.9539489746094 0.001678466796875 0.001708984375 0 0 0.7781 0.7782 0.9821 <error: 0.00177001953125 0.001708984375 0.001708984375 0.001678466796875 0.9821 
65536 346.406448364258 63.8568420410156 0.0002899169921875 1194847.0000 57.7300720214844 6.0005 57.7300720214844 57.7300720214844 45.4723815917969 45.4738006591797 12.2562713623047 0.0008392333984375 0.0008544921875 0 0 0.7877 0.7877 0.9821 <error: 0.000885009765625 0.0008544921875 0.0008544921875 0.0008392333984375 0.9821 
131072 375.842018127441 69.2431793212891 0.00032806396484375 1145636.3953 62.6381683349609 6.0002 62.6381683349609 62.6381683349609 49.2633209228516 49.264045715332 13.3741226196289 0.00041961669921875 0.00042724609375 0 0 0.7865 0.7865 0.9821 <error: 0.0004425048828125 0.00042724609375 0.00042724609375 0.00041961669921875 0.9821 
262144 387.343677520752 71.6503562927246 0.000335693359375 1153861.6023 64.5562019348145 6.0001 64.5562019348145 64.5562019348145 50.0927314758301 50.0930938720703 14.4631080627441 0.000209808349609375 0.000213623046875 0 0 0.7760 0.7760 0.9821 <error: 0.00022125244140625 0.000213623046875 0.000213623046875 0.000209808349609375 0.9821 
524288 416.340074539185 76.9782104492188 0.000362396240234375 1148853.1842 69.3894710540771 6.0000 69.3894710540771 69.3894710540771 53.7400550842285 53.7402362823486 15.6492347717285 0.000104904174804688 0.0001068115234375 0 0 0.7745 0.7745 0.9821 <error: 0.000110626220703125 0.0001068115234375 0.0001068115234375 0.000104904174804688 0.9821 
1048576 441.764039993286 81.7131023406982 0.000386238098144531 1143760.9136 73.6270685195923 6.0000 73.6270685195923 73.6270685195923 56.8149347305298 56.8150243759155 16.8120441436768 5.24520874023438e-05 5.340576171875e-05 0 0 0.7717 0.7717 0.9821 <error: 5.53131103515625e-05 5.340576171875e-05 5.340576171875e-05 5.24520874023438e-05 0.9821 
2097152 475.555016040802 87.8437151908875 0.000415325164794922 1145018.5454 79.2590346336365 6.0000 79.2590346336365 79.2590346336365 61.5905208587646 61.5905656814575 17.668468952179 2.62260437011719e-05 2.6702880859375e-05 0 0 0.7771 0.7771 0.9821 <error: 2.76565551757812e-05 2.6702880859375e-05 2.6702880859375e-05 2.62260437011719e-05 0.9821 
4194304 494.917925596237 91.5702593326569 6.00814819335938e-05 8237445.3770 82.4862530231476 6.0000 82.4862530231476 82.4862530231476 64.051554441452 64.0515766143799 18.4346764087677 1.31130218505859e-05 1.33514404296875e-05 0 0 0.7765 0.7765 0.9821 <error: 1.38282775878906e-05 1.33514404296875e-05 1.33514404296875e-05 1.31130218505859e-05 0.9821 
