#set_size_in_keys sim_num_insn sim_num_refs sim_elapsed_time sim_inst_rate sim_num_branches sim_IPB bpred_2lev.lookups bpred_2lev.updates bpred_2lev.addr_hits bpred_2lev.dir_hits bpred_2lev.misses bpred_2lev.jr_hits bpred_2lev.jr_seen bpred_2lev.jr_non_ras_hits.PP bpred_2lev.jr_non_ras_seen.PP bpred_2lev.bpred_addr_rate bpred_2lev.bpred_dir_rate bpred_2lev.bpred_jr_rate bpred_2lev.bpred_jr_non_ras_rate.PP bpred_2lev.retstack_pushes bpred_2lev.retstack_pops bpred_2lev.used_ras.PP bpred_2lev.ras_hits.PP bpred_2lev.ras_rate.PP
4096 210.073974609375 55.919189453125 0.000244140625 860463.0000 27.583740234375 7.6159 27.583740234375 27.583740234375 21.3876953125 21.4248046875 6.158935546875 0.017822265625 0.01806640625 0 0 0.7754 0.7767 0.9865 <error: 0.0185546875 0.01806640625 0.01806640625 0.017822265625 0.9865 
8192 213.706787109375 57.6104736328125 0.0001220703125 1750686.0000 28.77685546875 7.4263 28.77685546875 28.77685546875 22.189453125 22.2086181640625 6.5682373046875 0.0093994140625 0.009521484375 0 0 0.7711 0.7718 0.9872 <error: 0.009765625 0.009521484375 0.009521484375 0.0093994140625 0.9872 
16384 241.598999023438 64.1723022460938 6.103515625e-05 3958358.0000 31.4154663085938 7.6904 31.4154663085938 31.4154663085938 24.2632446289062 24.2728271484375 7.14263916015625 0.00518798828125 0.0052490234375 0 0 0.7723 0.7726 0.9884 <error: 0.00537109375 0.0052490234375 0.0052490234375 0.00518798828125 0.9884 
32768 245.951904296875 66.2289123535156 3.0517578125e-05 8059352.0000 32.6828918457031 7.5254 32.6828918457031 32.6828918457031 25.1123657226562 25.1171569824219 7.56573486328125 0.003082275390625 0.00311279296875 0 0 0.7684 0.7685 0.9902 <error: 0.003173828125 0.00311279296875 0.00311279296875 0.003082275390625 0.9902 
65536 274.41145324707 73.0204620361328 3.0517578125e-05 8991914.5000 35.4025268554688 7.7512 35.4025268554688 35.4025268554688 27.236572265625 27.2389831542969 8.16354370117188 0.0020294189453125 0.002044677734375 0 0 0.7693 0.7694 0.9925 <error: 0.0020751953125 0.002044677734375 0.002044677734375 0.0020294189453125 0.9925 
131072 278.891304016113 75.1651382446289 3.814697265625e-05 7310968.2000 36.6964569091797 7.6000 36.6964569091797 36.6964569091797 28.1104125976562 28.1116256713867 8.58483123779297 0.00150299072265625 0.0015106201171875 0 0 0.7660 0.7661 0.9949 <error: 0.00152587890625 0.0015106201171875 0.0015106201171875 0.00150299072265625 0.9949 
262144 307.284023284912 81.9627227783203 3.4332275390625e-05 8950295.8889 39.3897094726562 7.8011 39.3897094726562 39.3897094726562 30.2038345336914 30.2044296264648 9.18527984619141 0.00123977661132812 0.00124359130859375 0 0 0.7668 0.7668 0.9969 <error: 0.001251220703125 0.00124359130859375 0.00124359130859375 0.00123977661132812 0.9969 
524288 321.155963897705 87.1653785705566 3.814697265625e-05 8418910.9000 41.829662322998 7.6777 41.829662322998 41.829662322998 32.2728404998779 32.2731914520264 9.55647087097168 0.00111770629882812 0.00111961364746094 0 1.9073486328125e-06 0.7715 0.7715 0.9983 0.0000 0.00112152099609375 0.00111770629882812 0.00111770629882812 0.00111770629882812 1.0000 
1048576 349.513374328613 93.9548435211182 4.10079956054688e-05 8523054.3256 44.5160026550293 7.8514 44.5160026550293 44.5160026550293 34.3564319610596 34.3566083908081 10.1593942642212 0.00104904174804688 0.00104999542236328 0 9.5367431640625e-07 0.7718 0.7718 0.9991 0.0000 0.00105094909667969 0.00104904174804688 0.00104904174804688 0.00104904174804688 1.0000 
2097152 354.231883525848 96.1672224998474 4.1961669921875e-05 8441796.6250 45.8478035926819 7.7263 45.8478035926819 45.8478035926819 35.2600879669189 35.2601752281189 10.587628364563 0.00101470947265625 0.00101518630981445 0 4.76837158203125e-07 0.7691 0.7691 0.9995 0.0000 0.00101566314697266 0.00101470947265625 0.00101470947265625 0.00101470947265625 1.0000 
4194304 382.570330619812 102.95983171463 4.48226928710938e-05 8535192.9149 48.5301785469055 7.8831 48.5301785469055 48.5301785469055 37.3401293754578 37.3401730060577 11.1900055408478 0.000997543334960938 0.000997781753540039 0 2.38418579101562e-07 0.7694 0.7694 0.9998 0.0000 0.000998020172119141 0.000997543334960938 0.000997543334960938 0.000997543334960938 1.0000 
