#set_size_in_keys sim_num_insn sim_num_refs sim_elapsed_time sim_inst_rate sim_num_branches sim_IPB bpred_bimod.lookups bpred_bimod.updates bpred_bimod.addr_hits bpred_bimod.dir_hits bpred_bimod.misses bpred_bimod.jr_hits bpred_bimod.jr_seen bpred_bimod.jr_non_ras_hits.PP bpred_bimod.jr_non_ras_seen.PP bpred_bimod.bpred_addr_rate bpred_bimod.bpred_dir_rate bpred_bimod.bpred_jr_rate bpred_bimod.bpred_jr_non_ras_rate.PP bpred_bimod.retstack_pushes bpred_bimod.retstack_pops bpred_bimod.used_ras.PP bpred_bimod.ras_hits.PP bpred_bimod.ras_rate.PP
4096 246.52197265625 69.335205078125 0.000244140625 1009754.0000 41.395751953125 5.9552 41.395751953125 41.395751953125 33.81494140625 33.84619140625 7.549560546875 3.089111328125 3.089111328125 0 0 0.8169 0.8176 1.0000 <error: 3.089599609375 3.089111328125 3.089111328125 3.089111328125 1.0000 
8192 261.080322265625 72.3802490234375 0.0001220703125 2138770.0000 43.58251953125 5.9905 43.58251953125 43.58251953125 35.3936767578125 35.409912109375 8.172607421875 3.0455322265625 3.045654296875 0 0 0.8121 0.8125 1.0000 <error: 3.0458984375 3.045654296875 3.045654296875 3.0455322265625 1.0000 
16384 276.476379394531 75.8631591796875 6.103515625e-05 4529789.0000 45.8935546875 6.0243 45.8935546875 45.8935546875 37.2105102539062 37.21875 8.6748046875 3.02276611328125 3.0228271484375 0 0 0.8108 0.8110 1.0000 <error: 3.02294921875 3.0228271484375 3.0228271484375 3.02276611328125 1.0000 
32768 292.192596435547 79.5547790527344 3.0517578125e-05 9574567.0000 48.2605895996094 6.0545 48.2605895996094 48.2605895996094 38.9124145507812 38.91650390625 9.34408569335938 3.01138305664062 3.01141357421875 0 0 0.8063 0.8064 1.0000 <error: 3.011474609375 3.01141357421875 3.01141357421875 3.01138305664062 1.0000 
65536 308.784133911133 83.4941711425781 4.57763671875e-05 6745492.3333 50.7667083740234 6.0824 50.7667083740234 50.7667083740234 40.8214874267578 40.8235321044922 9.94317626953125 3.00569152832031 3.00570678710938 0 0 0.8041 0.8041 1.0000 <error: 3.0057373046875 3.00570678710938 3.00570678710938 3.00569152832031 1.0000 
131072 325.010185241699 87.3915328979492 3.814697265625e-05 8519947.0000 53.2192230224609 6.1070 53.2192230224609 53.2192230224609 42.6377487182617 42.6387710571289 10.580451965332 3.00284576416016 3.00285339355469 0 0 0.8012 0.8012 1.0000 <error: 3.00286865234375 3.00285339355469 3.00285339355469 3.00284576416016 1.0000 
262144 341.729030609131 91.411003112793 3.814697265625e-05 8958221.5000 55.7440567016602 6.1303 55.7440567016602 55.7440567016602 44.5996360778809 44.6001434326172 11.143913269043 3.00142288208008 3.00142669677734 0 0 0.8001 0.8001 1.0000 <error: 3.00143432617188 3.00142669677734 3.00142669677734 3.00142288208008 1.0000 
524288 358.02222442627 95.349609375 4.1961669921875e-05 8532125.2727 58.2107849121094 6.1504 58.2107849121094 58.2107849121094 46.4318904876709 46.4321460723877 11.7786388397217 3.00071144104004 3.00071334838867 0 0 0.7977 0.7977 1.0000 <error: 3.00071716308594 3.00071334838867 3.00071334838867 3.00071144104004 1.0000 
1048576 374.791726112366 99.3974514007568 0.000135421752929688 2767588.7958 60.7393989562988 6.1705 60.7393989562988 60.7393989562988 48.3826084136963 48.3827466964722 12.3566522598267 3.00035858154297 3.00035953521729 0 9.5367431640625e-07 0.7966 0.7966 1.0000 0.0000 3.0003604888916 3.00035858154297 3.00035858154297 3.00035858154297 1.0000 
2097152 391.09703874588 103.345524311066 0.000185489654541016 2108457.4216 63.2098016738892 6.1873 63.2098016738892 63.2098016738892 50.2187738418579 50.218843460083 12.9909582138062 3.00017929077148 3.00017976760864 0 4.76837158203125e-07 0.7945 0.7945 1.0000 0.0000 3.0001802444458 3.00017929077148 3.00017929077148 3.00017929077148 1.0000 
4194304 407.856253862381 107.388444185257 0.00019383430480957 2104148.9754 65.7370686531067 6.2044 65.7370686531067 65.7370686531067 52.1739497184753 52.1739840507507 13.563084602356 3.00008964538574 3.00008988380432 0 2.38418579101562e-07 0.7937 0.7937 1.0000 0.0000 3.0000901222229 3.00008964538574 3.00008964538574 3.00008964538574 1.0000 
