#set_size_in_keys sim_num_insn sim_num_refs sim_elapsed_time sim_inst_rate sim_num_branches sim_IPB bpred_bimod.lookups bpred_bimod.updates bpred_bimod.addr_hits bpred_bimod.dir_hits bpred_bimod.misses bpred_bimod.jr_hits bpred_bimod.jr_seen bpred_bimod.jr_non_ras_hits.PP bpred_bimod.jr_non_ras_seen.PP bpred_bimod.bpred_addr_rate bpred_bimod.bpred_dir_rate bpred_bimod.bpred_jr_rate bpred_bimod.bpred_jr_non_ras_rate.PP bpred_bimod.retstack_pushes bpred_bimod.retstack_pops bpred_bimod.used_ras.PP bpred_bimod.ras_hits.PP bpred_bimod.ras_rate.PP
4096 113.750244140625 29.92529296875 0.000244140625 465921.0000 18.762939453125 6.0625 18.762939453125 18.762939453125 13.490234375 13.516845703125 5.24609375 0.120849609375 0.120849609375 0 0 0.7190 0.7204 1.0000 <error: 0.121337890625 0.120849609375 0.120849609375 0.120849609375 1.0000 
8192 124.469360351562 31.947998046875 0.0001220703125 1019653.0000 20.671142578125 6.0214 20.671142578125 20.671142578125 15.044189453125 15.057373046875 5.61376953125 0.116455078125 0.116455078125 0 0 0.7278 0.7284 1.0000 <error: 0.11669921875 0.116455078125 0.116455078125 0.116455078125 1.0000 
16384 132.080688476562 33.6801147460938 6.103515625e-05 2164010.0000 22.1217041015625 5.9706 22.1217041015625 22.1217041015625 16.113037109375 16.1196899414062 6.00201416015625 0.11065673828125 0.11065673828125 0 0 0.7284 0.7287 1.0000 <error: 0.11077880859375 0.11065673828125 0.11065673828125 0.11065673828125 1.0000 
32768 142.413818359375 35.8150024414062 3.0517578125e-05 4666616.0000 23.9466247558594 5.9471 23.9466247558594 23.9466247558594 17.6383666992188 17.6416931152344 6.304931640625 0.11016845703125 0.11016845703125 0 0 0.7366 0.7367 1.0000 <error: 0.1102294921875 0.11016845703125 0.11016845703125 0.11016845703125 1.0000 
65536 152.617279052734 38.1328887939453 1.52587890625e-05 10001926.0000 25.7924957275391 5.9171 25.7924957275391 25.7924957275391 18.9286499023438 18.9303283691406 6.86216735839844 0.107803344726562 0.107803344726562 0 0 0.7339 0.7339 1.0000 <error: 0.107833862304688 0.107803344726562 0.107803344726562 0.107803344726562 1.0000 
131072 158.389350891113 39.7159423828125 2.288818359375e-05 6920136.3333 26.8293762207031 5.9036 26.8293762207031 26.8293762207031 19.4061584472656 19.4070205688477 7.42235565185547 0.107421875 0.107421875 0 0 0.7233 0.7233 1.0000 <error: 0.107437133789062 0.107421875 0.107421875 0.107421875 1.0000 
262144 171.741680145264 42.4147567749023 1.9073486328125e-05 9004210.2000 29.1704864501953 5.8875 29.1704864501953 29.1704864501953 21.6019592285156 21.6023864746094 7.56809997558594 0.107524871826172 0.107524871826172 0 0 0.7405 0.7406 1.0000 <error: 0.107532501220703 0.107524871826172 0.107524871826172 0.107524871826172 1.0000 
524288 179.478420257568 44.3612060546875 2.09808349609375e-05 8554398.3636 30.6060562133789 5.8641 30.6060562133789 30.6060562133789 22.4658851623535 22.4660987854004 8.13995742797852 0.107290267944336 0.107290267944336 0 0 0.7340 0.7340 1.0000 <error: 0.107294082641602 0.107290267944336 0.107290267944336 0.107290267944336 1.0000 
1048576 191.03945350647 46.8030128479004 2.38418579101562e-05 8012775.4400 32.6235494613647 5.8559 32.6235494613647 32.6235494613647 24.2084159851074 24.2085256576538 8.41502380371094 0.107254028320312 0.107254028320312 0 0 0.7421 0.7421 1.0000 <error: 0.107255935668945 0.107254028320312 0.107254028320312 0.107254028320312 1.0000 
2097152 290.054092884064 67.878707408905 3.814697265625e-05 7603594.0125 52.2616596221924 5.5500 52.2616596221924 52.2616596221924 42.8352565765381 42.8353319168091 9.4263277053833 0.115317821502686 0.115318298339844 0 4.76837158203125e-07 0.8196 0.8196 1.0000 0.0000 0.115318775177002 0.115317821502686 0.115317821502686 0.115317821502686 1.0000 
4194304 337.634333848953 77.6275675296783 4.45842742919922e-05 7572946.7219 64.8043780326843 5.2101 64.8043780326843 64.8043780326843 55.8333151340485 55.8333530426025 8.97102499008179 0.107814788818359 0.107815027236938 0 2.38418579101562e-07 0.8616 0.8616 1.0000 0.0000 0.107815265655518 0.107814788818359 0.107814788818359 0.107814788818359 1.0000 
