#set_size_in_keys sim_num_insn sim_num_refs sim_elapsed_time sim_inst_rate sim_num_branches sim_IPB bpred_2lev.lookups bpred_2lev.updates bpred_2lev.addr_hits bpred_2lev.dir_hits bpred_2lev.misses bpred_2lev.jr_hits bpred_2lev.jr_seen bpred_2lev.jr_non_ras_hits.PP bpred_2lev.jr_non_ras_seen.PP bpred_2lev.bpred_addr_rate bpred_2lev.bpred_dir_rate bpred_2lev.bpred_jr_rate bpred_2lev.bpred_jr_non_ras_rate.PP bpred_2lev.retstack_pushes bpred_2lev.retstack_pops bpred_2lev.used_ras.PP bpred_2lev.ras_hits.PP bpred_2lev.ras_rate.PP
4096 212.63671875 53.244873046875 0.000244140625 870960.0000 37.85400390625 5.6173 37.85400390625 37.85400390625 29.572509765625 29.601806640625 8.252197265625 1.014404296875 1.014404296875 0 0 0.7812 0.7820 1.0000 <error: 1.014892578125 1.014404296875 1.014404296875 1.014404296875 1.0000 
8192 228.048461914062 56.7166748046875 0.0001220703125 1868173.0000 40.7119140625 5.6015 40.7119140625 40.7119140625 31.8358154296875 31.8515625 8.8603515625 1.0081787109375 1.00830078125 0 0 0.7820 0.7824 0.9999 <error: 1.008544921875 1.00830078125 1.00830078125 1.0081787109375 0.9999 
16384 244.335693359375 60.5037231445312 6.103515625e-05 4003196.0000 43.6739501953125 5.5945 43.6739501953125 43.6739501953125 34.17822265625 34.1860961914062 9.48785400390625 1.00408935546875 1.004150390625 0 0 0.7826 0.7828 0.9999 <error: 1.0042724609375 1.004150390625 1.004150390625 1.00408935546875 0.9999 
32768 260.3662109375 64.3255615234375 3.0517578125e-05 8531680.0000 46.6027221679688 5.5869 46.6027221679688 46.6027221679688 36.5100402832031 36.5138244628906 10.0888977050781 1.00204467773438 1.0020751953125 0 0 0.7834 0.7835 1.0000 <error: 1.00213623046875 1.0020751953125 1.0020751953125 1.00204467773438 1.0000 
65536 276.989852905273 68.3011932373047 3.0517578125e-05 9076403.5000 49.6135711669922 5.5829 49.6135711669922 49.6135711669922 38.8941955566406 38.8961181640625 10.7174530029297 1.00102233886719 1.00103759765625 0 0 0.7839 0.7840 1.0000 <error: 1.00106811523438 1.00103759765625 1.00103759765625 1.00102233886719 1.0000 
131072 293.308769226074 72.2403182983398 3.814697265625e-05 7688913.4000 52.5867691040039 5.5776 52.5867691040039 52.5867691040039 41.2268981933594 41.2278823852539 11.35888671875 1.00051116943359 1.00051879882812 0 0 0.7840 0.7840 1.0000 <error: 1.00053405761719 1.00051879882812 1.00051879882812 1.00051116943359 1.0000 
262144 310.002460479736 76.2624626159668 4.1961669921875e-05 7387753.1818 55.6083030700684 5.5748 55.6083030700684 55.6083030700684 43.6100158691406 43.6105041503906 11.9977989196777 1.0002555847168 1.00025939941406 0 0 0.7842 0.7842 1.0000 <error: 1.00026702880859 1.00025939941406 1.00025939941406 1.0002555847168 1.0000 
524288 326.310752868652 80.2124214172363 4.38690185546875e-05 7438296.1739 58.5746459960938 5.5709 58.5746459960938 58.5746459960938 45.950159072876 45.9504013061523 12.6242446899414 1.0001277923584 1.00012969970703 0 0 0.7845 0.7845 1.0000 <error: 1.0001335144043 1.00012969970703 1.00012969970703 1.0001277923584 1.0000 
1048576 343.076787948608 84.2609634399414 4.67300415039062e-05 7341675.2245 61.6075801849365 5.5687 61.6075801849365 61.6075801849365 48.3389253616333 48.3390674591064 13.2685127258301 1.00006675720215 1.00006771087646 0 9.5367431640625e-07 0.7846 0.7846 1.0000 0.0000 1.00006866455078 1.00006675720215 1.00006675720215 1.00006675720215 1.0000 
2097152 359.395022392273 88.2121348381042 4.86373901367188e-05 7389274.4118 64.5737962722778 5.5656 64.5737962722778 64.5737962722778 50.6683316230774 50.6684012413025 13.9053950309753 1.00003337860107 1.00003385543823 0 4.76837158203125e-07 0.7847 0.7847 1.0000 0.0000 1.00003433227539 1.00003337860107 1.00003337860107 1.00003337860107 1.0000 
4194304 376.156674146652 92.2565724849701 5.12599945068359e-05 7338211.3628 67.6077306270599 5.5638 67.6077306270599 67.6077306270599 53.0682191848755 53.0682547092438 14.5394759178162 1.00001668930054 1.00001692771912 0 2.38418579101562e-07 0.7849 0.7849 1.0000 0.0000 1.0000171661377 1.00001668930054 1.00001668930054 1.00001668930054 1.0000 
