#set_size_in_keys sim_num_insn sim_num_refs sim_elapsed_time sim_inst_rate sim_num_branches sim_IPB bpred_2lev.lookups bpred_2lev.updates bpred_2lev.addr_hits bpred_2lev.dir_hits bpred_2lev.misses bpred_2lev.jr_hits bpred_2lev.jr_seen bpred_2lev.jr_non_ras_hits.PP bpred_2lev.jr_non_ras_seen.PP bpred_2lev.bpred_addr_rate bpred_2lev.bpred_dir_rate bpred_2lev.bpred_jr_rate bpred_2lev.bpred_jr_non_ras_rate.PP bpred_2lev.retstack_pushes bpred_2lev.retstack_pops bpred_2lev.used_ras.PP bpred_2lev.ras_hits.PP bpred_2lev.ras_rate.PP
4096 212.63671875 53.244873046875 0.000244140625 870960.0000 37.85400390625 5.6173 37.85400390625 37.85400390625 30.281005859375 30.310791015625 7.543212890625 1.014404296875 1.014404296875 0 0 0.7999 0.8007 1.0000 <error: 1.014892578125 1.014404296875 1.014404296875 1.014404296875 1.0000 
8192 228.048461914062 56.7166748046875 0.0001220703125 1868173.0000 40.7119140625 5.6015 40.7119140625 40.7119140625 32.62841796875 32.644287109375 8.067626953125 1.0081787109375 1.00830078125 0 0 0.8014 0.8018 0.9999 <error: 1.008544921875 1.00830078125 1.00830078125 1.0081787109375 0.9999 
16384 244.335693359375 60.5037231445312 6.103515625e-05 4003196.0000 43.6739501953125 5.5945 43.6739501953125 43.6739501953125 35.0474853515625 35.0553588867188 8.61859130859375 1.00408935546875 1.004150390625 0 0 0.8025 0.8027 0.9999 <error: 1.0042724609375 1.004150390625 1.004150390625 1.00408935546875 0.9999 
32768 260.3662109375 64.3255615234375 3.0517578125e-05 8531680.0000 46.6027221679688 5.5869 46.6027221679688 46.6027221679688 37.4412231445312 37.4451293945312 9.1575927734375 1.00204467773438 1.0020751953125 0 0 0.8034 0.8035 1.0000 <error: 1.00213623046875 1.0020751953125 1.0020751953125 1.00204467773438 1.0000 
65536 276.989852905273 68.3011932373047 4.57763671875e-05 6050935.6667 49.6135711669922 5.5829 49.6135711669922 49.6135711669922 39.8604125976562 39.8623504638672 9.751220703125 1.00102233886719 1.00103759765625 0 0 0.8034 0.8035 1.0000 <error: 1.00106811523438 1.00103759765625 1.00103759765625 1.00102233886719 1.0000 
131072 293.308769226074 72.2403182983398 3.814697265625e-05 7688913.4000 52.5867691040039 5.5776 52.5867691040039 52.5867691040039 42.2375717163086 42.2385635375977 10.3482055664062 1.00051116943359 1.00051879882812 0 0 0.8032 0.8032 1.0000 <error: 1.00053405761719 1.00051879882812 1.00051879882812 1.00051116943359 1.0000 
262144 310.002460479736 76.2624626159668 4.1961669921875e-05 7387753.1818 55.6083030700684 5.5748 55.6083030700684 55.6083030700684 44.6709480285645 44.6714363098145 10.9368667602539 1.0002555847168 1.00025939941406 0 0 0.8033 0.8033 1.0000 <error: 1.00026702880859 1.00025939941406 1.00025939941406 1.0002555847168 1.0000 
524288 326.310752868652 80.2124214172363 4.38690185546875e-05 7438296.1739 58.5746459960938 5.5709 58.5746459960938 58.5746459960938 47.0386161804199 47.0388622283936 11.5357837677002 1.0001277923584 1.00012969970703 0 0 0.8031 0.8031 1.0000 <error: 1.0001335144043 1.00012969970703 1.00012969970703 1.0001277923584 1.0000 
1048576 343.076787948608 84.2609634399414 4.57763671875e-05 7494626.7917 61.6075801849365 5.5687 61.6075801849365 61.6075801849365 49.4737815856934 49.4739208221436 12.133659362793 1.00006675720215 1.00006771087646 0 9.5367431640625e-07 0.8030 0.8030 1.0000 0.0000 1.00006866455078 1.00006675720215 1.00006675720215 1.00006675720215 1.0000 
2097152 359.395022392273 88.2121348381042 4.91142272949219e-05 7317533.8835 64.5737962722778 5.5656 64.5737962722778 64.5737962722778 51.8313393592834 51.8314080238342 12.7423882484436 1.00003337860107 1.00003385543823 0 4.76837158203125e-07 0.8027 0.8027 1.0000 0.0000 1.00003433227539 1.00003337860107 1.00003337860107 1.00003337860107 1.0000 
4194304 376.156674146652 92.2565724849701 5.10215759277344e-05 7372502.0701 67.6077306270599 5.5638 67.6077306270599 67.6077306270599 54.2740194797516 54.2740547657013 13.3336758613586 1.00001668930054 1.00001692771912 0 2.38418579101562e-07 0.8028 0.8028 1.0000 0.0000 1.0000171661377 1.00001668930054 1.00001668930054 1.00001668930054 1.0000 
