#set_size_in_keys sim_num_insn sim_num_refs sim_elapsed_time sim_inst_rate sim_num_branches sim_IPB bpred_bimod.lookups bpred_bimod.updates bpred_bimod.addr_hits bpred_bimod.dir_hits bpred_bimod.misses bpred_bimod.jr_hits bpred_bimod.jr_seen bpred_bimod.jr_non_ras_hits.PP bpred_bimod.jr_non_ras_seen.PP bpred_bimod.bpred_addr_rate bpred_bimod.bpred_dir_rate bpred_bimod.bpred_jr_rate bpred_bimod.bpred_jr_non_ras_rate.PP bpred_bimod.retstack_pushes bpred_bimod.retstack_pops bpred_bimod.used_ras.PP bpred_bimod.ras_hits.PP bpred_bimod.ras_rate.PP
4096 210.08935546875 55.9228515625 0.000244140625 860526.0000 27.582275390625 7.6168 27.582275390625 27.582275390625 21.30712890625 21.341796875 6.240478515625 0.018798828125 0.01904296875 0 0 0.7725 0.7738 0.9872 <error: 0.01953125 0.01904296875 0.01904296875 0.018798828125 0.9872 
8192 213.835205078125 57.635498046875 0.0001220703125 1751738.0000 28.7933349609375 7.4266 28.7933349609375 28.7933349609375 22.4761962890625 22.4940185546875 6.29931640625 0.0103759765625 0.010498046875 0 0 0.7806 0.7812 0.9884 <error: 0.0107421875 0.010498046875 0.010498046875 0.0103759765625 0.9884 
16384 241.726928710938 64.1952514648438 6.103515625e-05 3960454.0000 31.4321899414062 7.6904 31.4321899414062 31.4321899414062 24.2147216796875 24.2233276367188 7.2088623046875 0.00616455078125 0.0062255859375 0 0 0.7704 0.7707 0.9902 <error: 0.00634765625 0.0062255859375 0.0062255859375 0.00616455078125 0.9902 
32768 246.029327392578 66.2407836914062 3.0517578125e-05 8061889.0000 32.6930236816406 7.5254 32.6930236816406 32.6930236816406 25.3943176269531 25.3988342285156 7.294189453125 0.004058837890625 0.00408935546875 0 0 0.7768 0.7769 0.9925 <error: 0.004150390625 0.00408935546875 0.00408935546875 0.004058837890625 0.9925 
65536 274.459671020508 73.0252532958984 3.0517578125e-05 8993494.5000 35.4083251953125 7.7513 35.4083251953125 35.4083251953125 27.2106781005859 27.2128448486328 8.19548034667969 0.0030059814453125 0.003021240234375 0 0 0.7685 0.7685 0.9949 <error: 0.0030517578125 0.003021240234375 0.003021240234375 0.0030059814453125 0.9949 
131072 278.941925048828 75.1707458496094 3.0517578125e-05 9140369.0000 36.7029876708984 7.6000 36.7029876708984 36.7029876708984 28.4218139648438 28.4229507446289 8.28003692626953 0.00247955322265625 0.0024871826171875 0 0 0.7744 0.7744 0.9969 <error: 0.00250244140625 0.0024871826171875 0.0024871826171875 0.00247955322265625 0.9969 
262144 295.448440551758 79.6613960266113 3.4332275390625e-05 8605559.5556 38.707878112793 7.6328 38.707878112793 38.707878112793 29.9240837097168 29.9246635437012 8.7832145690918 0.00221633911132812 0.00222015380859375 0 0 0.7731 0.7731 0.9983 <error: 0.002227783203125 0.00222015380859375 0.00222015380859375 0.00221633911132812 0.9983 
524288 426.007177352905 116.222375869751 4.76837158203125e-05 8934018.0400 58.5022659301758 7.2819 58.5022659301758 58.5022659301758 46.6225261688232 46.622932434082 11.8793334960938 1.00214195251465 1.00214385986328 0 1.9073486328125e-06 0.7969 0.7969 1.0000 0.0000 1.00214576721191 1.00214195251465 1.00214195251465 1.00214195251465 1.0000 
1048576 451.238023757935 124.11842918396 5.24520874023438e-05 8602861.1273 64.0605430603027 7.0439 64.0605430603027 64.0605430603027 51.88987159729 51.8900861740112 12.1704568862915 1.00204944610596 1.00205039978027 0 9.5367431640625e-07 0.8100 0.8100 1.0000 0.0000 1.00205135345459 1.00204944610596 1.00204944610596 1.00204944610596 1.0000 
2097152 493.870913028717 135.035810470581 5.7220458984375e-05 8631019.7750 69.6020884513855 7.0956 69.6020884513855 69.6020884513855 55.7361512184143 55.7362565994263 13.8658318519592 1.00200319290161 1.00200366973877 0 4.76837158203125e-07 0.8008 0.8008 1.0000 0.0000 1.00200414657593 1.00200319290161 1.00200319290161 1.00200319290161 1.0000 
4194304 521.372492551804 144.085592985153 6.05583190917969e-05 8609428.0748 75.0000591278076 6.9516 75.0000591278076 75.0000591278076 60.1096882820129 60.1097421646118 14.8903169631958 1.00198006629944 1.00198030471802 0 2.38418579101562e-07 0.8015 0.8015 1.0000 0.0000 1.0019805431366 1.00198006629944 1.00198006629944 1.00198006629944 1.0000 
