#set_size_in_keys sim_num_insn sim_num_refs sim_elapsed_time sim_inst_rate sim_num_branches sim_IPB bpred_2lev.lookups bpred_2lev.updates bpred_2lev.addr_hits bpred_2lev.dir_hits bpred_2lev.misses bpred_2lev.jr_hits bpred_2lev.jr_seen bpred_2lev.jr_non_ras_hits.PP bpred_2lev.jr_non_ras_seen.PP bpred_2lev.bpred_addr_rate bpred_2lev.bpred_dir_rate bpred_2lev.bpred_jr_rate bpred_2lev.bpred_jr_non_ras_rate.PP bpred_2lev.retstack_pushes bpred_2lev.retstack_pops bpred_2lev.used_ras.PP bpred_2lev.ras_hits.PP bpred_2lev.ras_rate.PP
4096 183.819091796875 50.27978515625 0.000244140625 752923.0000 23.105712890625 7.9556 23.105712890625 23.105712890625 16.77978515625 16.809326171875 6.29638671875 0.014404296875 0.014404296875 0 0 0.7262 0.7275 1.0000 <error: 0.014892578125 0.014404296875 0.014404296875 0.014404296875 1.0000 
8192 201.747192382812 56.2642822265625 0.0001220703125 1652713.0000 25.106201171875 8.0358 25.106201171875 25.106201171875 18.3553466796875 18.3717041015625 6.7344970703125 0.0084228515625 0.0086669921875 0 0.0001220703125 0.7311 0.7318 0.9718 0.0000 0.0087890625 0.008544921875 0.008544921875 0.0084228515625 0.9857 
16384 215.352416992188 58.54150390625 6.103515625e-05 3528334.0000 26.9361572265625 7.9949 26.9361572265625 26.9361572265625 19.7383422851562 19.746337890625 7.1898193359375 0.00408935546875 0.004150390625 0 0 0.7328 0.7331 0.9853 <error: 0.0042724609375 0.004150390625 0.004150390625 0.00408935546875 0.9853 
32768 234.038024902344 64.8995666503906 3.0517578125e-05 7668958.0000 29.0264892578125 8.0629 29.0264892578125 29.0264892578125 21.3349304199219 21.3389892578125 7.6875 0.002105712890625 0.002166748046875 0 3.0517578125e-05 0.7350 0.7352 0.9718 0.0000 0.002197265625 0.00213623046875 0.00213623046875 0.002105712890625 0.9857 
65536 248.076171875 67.3700866699219 3.0517578125e-05 8128960.0000 30.9104461669922 8.0256 30.9104461669922 30.9104461669922 22.7086791992188 22.7106781005859 8.19976806640625 0.0010223388671875 0.00103759765625 0 0 0.7347 0.7347 0.9853 <error: 0.001068115234375 0.00103759765625 0.00103759765625 0.0010223388671875 0.9853 
131072 266.933906555176 73.8186264038086 3.0517578125e-05 8746890.2500 33.0214309692383 8.0837 33.0214309692383 33.0214309692383 24.308235168457 24.3092956542969 8.71213531494141 0.00052642822265625 0.00054168701171875 0 7.62939453125e-06 0.7361 0.7362 0.9718 0.0000 0.00054931640625 0.0005340576171875 0.0005340576171875 0.00052642822265625 0.9857 
262144 280.947303771973 76.310661315918 3.4332275390625e-05 8183183.3333 34.901496887207 8.0497 34.901496887207 34.901496887207 25.6693115234375 25.6697883605957 9.23170852661133 0.000255584716796875 0.0002593994140625 0 0 0.7355 0.7355 0.9853 <error: 0.00026702880859375 0.0002593994140625 0.0002593994140625 0.000255584716796875 0.9853 
524288 299.929096221924 82.7998027801514 3.62396240234375e-05 8276275.0526 37.0276508331299 8.1001 37.0276508331299 37.0276508331299 27.2732181549072 27.2734832763672 9.7541675567627 0.000131607055664062 0.000135421752929688 0 1.9073486328125e-06 0.7366 0.7366 0.9718 0.0000 0.0001373291015625 0.000133514404296875 0.000133514404296875 0.000131607055664062 0.9857 
1048576 313.951940536499 85.3073081970215 3.71932983398438e-05 8441088.9744 38.9080276489258 8.0691 38.9080276489258 38.9080276489258 28.6326293945312 28.6327724456787 10.2752552032471 6.67572021484375e-05 6.77108764648438e-05 0 9.5367431640625e-07 0.7359 0.7359 0.9859 0.0000 6.866455078125e-05 6.67572021484375e-05 6.67572021484375e-05 6.67572021484375e-05 1.0000 
2097152 333.00587272644 91.8147225379944 4.10079956054688e-05 8120510.8372 41.0435452461243 8.1135 41.0435452461243 41.0435452461243 30.248291015625 30.2483606338501 10.7951846122742 3.48091125488281e-05 3.52859497070312e-05 4.76837158203125e-07 9.5367431640625e-07 0.7370 0.7370 0.9865 0.5000 3.52859497070312e-05 3.4332275390625e-05 3.4332275390625e-05 3.4332275390625e-05 1.0000 
4194304 347.00865650177 94.3124861717224 4.12464141845703e-05 8413062.4046 42.9223804473877 8.0846 42.9223804473877 42.9223804473877 31.6070477962494 31.6070818901062 11.3152985572815 1.66893005371094e-05 1.69277191162109e-05 0 2.38418579101562e-07 0.7364 0.7364 0.9859 0.0000 1.71661376953125e-05 1.66893005371094e-05 1.66893005371094e-05 1.66893005371094e-05 1.0000 
