#set_size_in_keys sim_num_insn sim_num_refs sim_elapsed_time sim_inst_rate sim_num_branches sim_IPB bpred_2lev.lookups bpred_2lev.updates bpred_2lev.addr_hits bpred_2lev.dir_hits bpred_2lev.misses bpred_2lev.jr_hits bpred_2lev.jr_seen bpred_2lev.jr_non_ras_hits.PP bpred_2lev.jr_non_ras_seen.PP bpred_2lev.bpred_addr_rate bpred_2lev.bpred_dir_rate bpred_2lev.bpred_jr_rate bpred_2lev.bpred_jr_non_ras_rate.PP bpred_2lev.retstack_pushes bpred_2lev.retstack_pops bpred_2lev.used_ras.PP bpred_2lev.ras_hits.PP bpred_2lev.ras_rate.PP
4096 187.051025390625 35.643310546875 0.000244140625 766161.0000 26.708740234375 7.0034 26.708740234375 26.708740234375 20.693603515625 20.71875 5.989990234375 0.014404296875 0.014404296875 0 0 0.7748 0.7757 1.0000 <error: 0.014892578125 0.014404296875 0.014404296875 0.014404296875 1.0000 
8192 203.75927734375 40.1932373046875 0.0001220703125 1669196.0000 28.7344970703125 7.0911 28.7344970703125 28.7344970703125 22.2708740234375 22.2843017578125 6.4501953125 0.0084228515625 0.0086669921875 0 0.0001220703125 0.7751 0.7755 0.9718 0.0000 0.0087890625 0.008544921875 0.008544921875 0.0084228515625 0.9857 
16384 215.852722167969 40.9667358398438 6.103515625e-05 3536531.0000 30.5462036132812 7.0664 30.5462036132812 30.5462036132812 23.5940551757812 23.6005859375 6.94561767578125 0.00408935546875 0.004150390625 0 0 0.7724 0.7726 0.9853 <error: 0.0042724609375 0.004150390625 0.004150390625 0.00408935546875 0.9853 
32768 233.166656494141 45.8543395996094 3.0517578125e-05 7640405.0000 32.6541442871094 7.1405 32.6541442871094 32.6541442871094 25.2149658203125 25.21826171875 7.43588256835938 0.002105712890625 0.002166748046875 0 3.0517578125e-05 0.7722 0.7723 0.9718 0.0000 0.002197265625 0.00213623046875 0.00213623046875 0.002105712890625 0.9857 
65536 245.539398193359 46.7909088134766 3.0517578125e-05 8045835.0000 34.5154266357422 7.1139 34.5154266357422 34.5154266357422 26.5814056396484 26.5830230712891 7.93240356445312 0.0010223388671875 0.00103759765625 0 0 0.7701 0.7702 0.9853 <error: 0.001068115234375 0.00103759765625 0.00103759765625 0.0010223388671875 0.9853 
131072 262.986450195312 51.7624740600586 3.0517578125e-05 8617540.0000 36.6312942504883 7.1793 36.6312942504883 36.6312942504883 28.2040405273438 28.2048873901367 8.42640686035156 0.00052642822265625 0.00054168701171875 0 7.62939453125e-06 0.7699 0.7700 0.9718 0.0000 0.00054931640625 0.0005340576171875 0.0005340576171875 0.00052642822265625 0.9857 
262144 275.464141845703 52.7492141723633 3.0517578125e-05 9026409.0000 38.5020904541016 7.1545 38.5020904541016 38.5020904541016 29.5723342895508 29.5727348327637 8.92935562133789 0.000255584716796875 0.0002593994140625 0 0 0.7681 0.7681 0.9853 <error: 0.00026702880859375 0.0002593994140625 0.0002593994140625 0.000255584716796875 0.9853 
524288 292.95205116272 57.7419261932373 3.4332275390625e-05 8532846.9444 40.6267280578613 7.2108 40.6267280578613 40.6267280578613 31.1901302337646 31.1903400421143 9.43638801574707 0.000131607055664062 0.000135421752929688 0 1.9073486328125e-06 0.7677 0.7677 0.9718 0.0000 0.0001373291015625 0.000133514404296875 0.000133514404296875 0.000131607055664062 0.9857 
1048576 305.461853981018 58.7483701705933 3.62396240234375e-05 8428946.5526 42.5012378692627 7.1871 42.5012378692627 42.5012378692627 32.5579452514648 32.5580587387085 9.9431791305542 6.67572021484375e-05 6.77108764648438e-05 0 9.5367431640625e-07 0.7660 0.7660 0.9859 0.0000 6.866455078125e-05 6.67572021484375e-05 6.67572021484375e-05 6.67572021484375e-05 1.0000 
2097152 322.956877708435 63.7448964118958 3.814697265625e-05 8466120.7750 44.6264071464539 7.2369 44.6264071464539 44.6264071464539 34.1784510612488 34.1785092353821 10.4478979110718 3.48091125488281e-05 3.52859497070312e-05 4.76837158203125e-07 9.5367431640625e-07 0.7659 0.7659 0.9865 0.5000 3.52859497070312e-05 3.4332275390625e-05 3.4332275390625e-05 3.4332275390625e-05 1.0000 
4194304 335.454170465469 64.7431671619415 3.95774841308594e-05 8475884.1506 46.5012445449829 7.2139 46.5012445449829 46.5012445449829 35.5447702407837 35.5447995662689 10.956444978714 1.66893005371094e-05 1.69277191162109e-05 0 2.38418579101562e-07 0.7644 0.7644 0.9859 0.0000 1.71661376953125e-05 1.66893005371094e-05 1.66893005371094e-05 1.66893005371094e-05 1.0000 
