#set_size_in_keys sim_num_insn sim_num_refs sim_elapsed_time sim_inst_rate sim_num_branches sim_IPB bpred_2lev.lookups bpred_2lev.updates bpred_2lev.addr_hits bpred_2lev.dir_hits bpred_2lev.misses bpred_2lev.jr_hits bpred_2lev.jr_seen bpred_2lev.jr_non_ras_hits.PP bpred_2lev.jr_non_ras_seen.PP bpred_2lev.bpred_addr_rate bpred_2lev.bpred_dir_rate bpred_2lev.bpred_jr_rate bpred_2lev.bpred_jr_non_ras_rate.PP bpred_2lev.retstack_pushes bpred_2lev.retstack_pops bpred_2lev.used_ras.PP bpred_2lev.ras_hits.PP bpred_2lev.ras_rate.PP
4096 148.613037109375 45.908935546875 0.000244140625 608719.0000 26.468505859375 5.6147 26.468505859375 26.468505859375 20.3544921875 20.38330078125 6.085205078125 2.08984375 2.08984375 0 0 0.7690 0.7701 1.0000 <error: 2.09033203125 2.08984375 2.08984375 2.08984375 1.0000 
8192 156.69873046875 47.126708984375 0.0001220703125 1283676.0000 27.9141845703125 5.6136 27.9141845703125 27.9141845703125 21.529296875 21.5438232421875 6.370361328125 2.044921875 2.044921875 0 0 0.7713 0.7718 1.0000 <error: 2.045166015625 2.044921875 2.044921875 2.044921875 1.0000 
16384 163.241088867188 48.421142578125 6.103515625e-05 2674542.0000 29.145263671875 5.6009 29.145263671875 29.145263671875 22.4229736328125 22.4306640625 6.714599609375 2.0224609375 2.0224609375 0 0 0.7694 0.7696 1.0000 <error: 2.0225830078125 2.0224609375 2.0224609375 2.0224609375 1.0000 
32768 170.978973388672 50.2091369628906 3.0517578125e-05 5602639.0000 30.5395812988281 5.5986 30.5395812988281 30.5395812988281 23.2565002441406 23.2600708007812 7.27951049804688 2.01123046875 2.01123046875 0 0 0.7615 0.7616 1.0000 <error: 2.01129150390625 2.01123046875 2.01123046875 2.01123046875 1.0000 
65536 180.048629760742 52.2504425048828 4.57763671875e-05 3933222.3333 32.1664428710938 5.5974 32.1664428710938 32.1664428710938 24.4486389160156 24.4505310058594 7.71591186523438 2.005615234375 2.005615234375 0 0 0.7601 0.7601 1.0000 <error: 2.00564575195312 2.005615234375 2.005615234375 2.005615234375 1.0000 
131072 191.494132995605 54.6794128417969 4.57763671875e-05 4183253.1667 34.2095794677734 5.5977 34.2095794677734 34.2095794677734 26.1546020507812 26.155517578125 8.05406188964844 2.0028076171875 2.0028076171875 0 0 0.7645 0.7646 1.0000 <error: 2.00282287597656 2.0028076171875 2.0028076171875 2.0028076171875 1.0000 
262144 197.923595428467 56.4071426391602 4.9591064453125e-05 3991114.0769 35.4371566772461 5.5852 35.4371566772461 35.4371566772461 26.9206275939941 26.9210815429688 8.51607513427734 2.00140380859375 2.00140380859375 0 0 0.7597 0.7597 1.0000 <error: 2.00141143798828 2.00140380859375 2.00140380859375 2.00140380859375 1.0000 
524288 209.941877365112 58.9095344543457 5.340576171875e-05 3931071.6786 37.5046672821045 5.5978 37.5046672821045 37.5046672821045 28.5457000732422 28.5459136962891 8.95875358581543 2.00070190429688 2.00070190429688 0 0 0.7611 0.7611 1.0000 <error: 2.00070571899414 2.00070190429688 2.00070190429688 2.00070190429688 1.0000 
1048576 217.100955963135 60.7415828704834 5.53131103515625e-05 3924945.7241 38.8350009918213 5.5903 38.8350009918213 38.8350009918213 29.4084796905518 29.408597946167 9.4264030456543 2.00035095214844 2.00035095214844 0 0 0.7573 0.7573 1.0000 <error: 2.00035285949707 2.00035095214844 2.00035095214844 2.00035095214844 1.0000 
2097152 226.63751745224 62.9205536842346 5.81741333007812e-05 3895846.9098 40.5507202148438 5.5890 40.5507202148438 40.5507202148438 30.6879281997681 30.6879858970642 9.86273431777954 2.00017547607422 2.00017547607422 0 0 0.7568 0.7568 1.0000 <error: 2.00017642974854 2.00017547607422 2.00017547607422 2.00017547607422 1.0000 
4194304 233.861929178238 64.7640993595123 6.67572021484375e-05 3503171.5179 41.8759734630585 5.5846 41.8759734630585 41.8759734630585 31.460177898407 31.4602055549622 10.4157679080963 2.00008773803711 2.00008773803711 0 0 0.7513 0.7513 1.0000 <error: 2.00008821487427 2.00008773803711 2.00008773803711 2.00008773803711 1.0000 
