#set_size_in_keys sim_num_insn sim_num_refs sim_elapsed_time sim_inst_rate sim_num_branches sim_IPB bpred_2lev.lookups bpred_2lev.updates bpred_2lev.addr_hits bpred_2lev.dir_hits bpred_2lev.misses bpred_2lev.jr_hits bpred_2lev.jr_seen bpred_2lev.jr_non_ras_hits.PP bpred_2lev.jr_non_ras_seen.PP bpred_2lev.bpred_addr_rate bpred_2lev.bpred_dir_rate bpred_2lev.bpred_jr_rate bpred_2lev.bpred_jr_non_ras_rate.PP bpred_2lev.retstack_pushes bpred_2lev.retstack_pops bpred_2lev.used_ras.PP bpred_2lev.ras_hits.PP bpred_2lev.ras_rate.PP
4096 148.613037109375 45.908935546875 0.000244140625 608719.0000 26.468505859375 5.6147 26.468505859375 26.468505859375 20.08837890625 20.117431640625 6.35107421875 2.08984375 2.08984375 0 0 0.7590 0.7601 1.0000 <error: 2.09033203125 2.08984375 2.08984375 2.08984375 1.0000 
8192 156.69873046875 47.126708984375 0.0001220703125 1283676.0000 27.9141845703125 5.6136 27.9141845703125 27.9141845703125 21.2142333984375 21.228515625 6.6856689453125 2.044921875 2.044921875 0 0 0.7600 0.7605 1.0000 <error: 2.045166015625 2.044921875 2.044921875 2.044921875 1.0000 
16384 163.241088867188 48.421142578125 6.103515625e-05 2674542.0000 29.145263671875 5.6009 29.145263671875 29.145263671875 22.0628662109375 22.0711059570312 7.07415771484375 2.0224609375 2.0224609375 0 0 0.7570 0.7573 1.0000 <error: 2.0225830078125 2.0224609375 2.0224609375 2.0224609375 1.0000 
32768 170.978973388672 50.2091369628906 6.103515625e-05 2801319.5000 30.5395812988281 5.5986 30.5395812988281 30.5395812988281 22.8771057128906 22.8808288574219 7.65875244140625 2.01123046875 2.01123046875 0 0 0.7491 0.7492 1.0000 <error: 2.01129150390625 2.01123046875 2.01123046875 2.01123046875 1.0000 
65536 180.048629760742 52.2504425048828 4.57763671875e-05 3933222.3333 32.1664428710938 5.5974 32.1664428710938 32.1664428710938 24.0340270996094 24.0359344482422 8.13050842285156 2.005615234375 2.005615234375 0 0 0.7472 0.7472 1.0000 <error: 2.00564575195312 2.005615234375 2.005615234375 2.005615234375 1.0000 
131072 191.494132995605 54.6794128417969 5.340576171875e-05 3585645.5714 34.2095794677734 5.5977 34.2095794677734 34.2095794677734 25.6837005615234 25.6846694946289 8.52490997314453 2.0028076171875 2.0028076171875 0 0 0.7508 0.7508 1.0000 <error: 2.00282287597656 2.0028076171875 2.0028076171875 2.0028076171875 1.0000 
262144 197.923595428467 56.4071426391602 4.9591064453125e-05 3991114.0769 35.4371566772461 5.5852 35.4371566772461 35.4371566772461 26.4010734558105 26.4015693664551 9.03558731079102 2.00140380859375 2.00140380859375 0 0 0.7450 0.7450 1.0000 <error: 2.00141143798828 2.00140380859375 2.00140380859375 2.00140380859375 1.0000 
524288 209.941877365112 58.9095344543457 5.340576171875e-05 3931071.6786 37.5046672821045 5.5978 37.5046672821045 37.5046672821045 28.0547790527344 28.0550117492676 9.44965553283691 2.00070190429688 2.00070190429688 0 0 0.7480 0.7480 1.0000 <error: 2.00070571899414 2.00070190429688 2.00070190429688 2.00070190429688 1.0000 
1048576 217.100955963135 60.7415828704834 5.62667846679688e-05 3858421.2203 38.8350009918213 5.5903 38.8350009918213 38.8350009918213 28.8782320022583 28.8783578872681 9.95664310455322 2.00035095214844 2.00035095214844 0 0 0.7436 0.7436 1.0000 <error: 2.00035285949707 2.00035095214844 2.00035095214844 2.00035095214844 1.0000 
2097152 226.63751745224 62.9205536842346 5.81741333007812e-05 3895846.9098 40.5507202148438 5.5890 40.5507202148438 40.5507202148438 30.1189012527466 30.1189637184143 10.4317564964294 2.00017547607422 2.00017547607422 0 0 0.7427 0.7427 1.0000 <error: 2.00017642974854 2.00017547607422 2.00017547607422 2.00017547607422 1.0000 
4194304 233.861929178238 64.7640993595123 6.05583190917969e-05 3861763.8780 41.8759734630585 5.5846 41.8759734630585 41.8759734630585 30.8698754310608 30.8699052333832 11.0060682296753 2.00008773803711 2.00008773803711 0 0 0.7372 0.7372 1.0000 <error: 2.00008821487427 2.00008773803711 2.00008773803711 2.00008773803711 1.0000 
