#set_size_in_keys sim_num_insn sim_num_refs sim_elapsed_time sim_inst_rate sim_num_branches sim_IPB bpred_2lev.lookups bpred_2lev.updates bpred_2lev.addr_hits bpred_2lev.dir_hits bpred_2lev.misses bpred_2lev.jr_hits bpred_2lev.jr_seen bpred_2lev.jr_non_ras_hits.PP bpred_2lev.jr_non_ras_seen.PP bpred_2lev.bpred_addr_rate bpred_2lev.bpred_dir_rate bpred_2lev.bpred_jr_rate bpred_2lev.bpred_jr_non_ras_rate.PP bpred_2lev.retstack_pushes bpred_2lev.retstack_pops bpred_2lev.used_ras.PP bpred_2lev.ras_hits.PP bpred_2lev.ras_rate.PP
4096 148.613037109375 45.908935546875 0.000244140625 608719.0000 26.468505859375 5.6147 26.468505859375 26.468505859375 19.88720703125 19.916748046875 6.5517578125 2.08984375 2.08984375 0 0 0.7514 0.7525 1.0000 <error: 2.09033203125 2.08984375 2.08984375 2.08984375 1.0000 
8192 156.69873046875 47.126708984375 0.0001220703125 1283676.0000 27.9141845703125 5.6136 27.9141845703125 27.9141845703125 21.0040283203125 21.018310546875 6.8958740234375 2.044921875 2.044921875 0 0 0.7525 0.7530 1.0000 <error: 2.045166015625 2.044921875 2.044921875 2.044921875 1.0000 
16384 163.241088867188 48.421142578125 6.103515625e-05 2674542.0000 29.145263671875 5.6009 29.145263671875 29.145263671875 21.8411254882812 21.849365234375 7.2958984375 2.0224609375 2.0224609375 0 0 0.7494 0.7497 1.0000 <error: 2.0225830078125 2.0224609375 2.0224609375 2.0224609375 1.0000 
32768 170.978973388672 50.2091369628906 3.0517578125e-05 5602639.0000 30.5395812988281 5.5986 30.5395812988281 30.5395812988281 22.6303100585938 22.6341247558594 7.90545654296875 2.01123046875 2.01123046875 0 0 0.7410 0.7411 1.0000 <error: 2.01129150390625 2.01123046875 2.01123046875 2.01123046875 1.0000 
65536 180.048629760742 52.2504425048828 4.57763671875e-05 3933222.3333 32.1664428710938 5.5974 32.1664428710938 32.1664428710938 23.7778472900391 23.7798461914062 8.3865966796875 2.005615234375 2.005615234375 0 0 0.7392 0.7393 1.0000 <error: 2.00564575195312 2.005615234375 2.005615234375 2.005615234375 1.0000 
131072 191.494132995605 54.6794128417969 4.57763671875e-05 4183253.1667 34.2095794677734 5.5977 34.2095794677734 34.2095794677734 25.4340286254883 25.4350128173828 8.77456665039062 2.0028076171875 2.0028076171875 0 0 0.7435 0.7435 1.0000 <error: 2.00282287597656 2.0028076171875 2.0028076171875 2.0028076171875 1.0000 
262144 197.923595428467 56.4071426391602 5.340576171875e-05 3706034.5000 35.4371566772461 5.5852 35.4371566772461 35.4371566772461 26.1441879272461 26.1446876525879 9.2924690246582 2.00140380859375 2.00140380859375 0 0 0.7378 0.7378 1.0000 <error: 2.00141143798828 2.00140380859375 2.00140380859375 2.00140380859375 1.0000 
524288 209.941877365112 58.9095344543457 5.340576171875e-05 3931071.6786 37.5046672821045 5.5978 37.5046672821045 37.5046672821045 27.8002052307129 27.800443649292 9.7042236328125 2.00070190429688 2.00070190429688 0 0 0.7412 0.7413 1.0000 <error: 2.00070571899414 2.00070190429688 2.00070190429688 2.00070190429688 1.0000 
1048576 217.100955963135 60.7415828704834 5.62667846679688e-05 3858421.2203 38.8350009918213 5.5903 38.8350009918213 38.8350009918213 28.6213684082031 28.6214962005615 10.2135047912598 2.00035095214844 2.00035095214844 0 0 0.7370 0.7370 1.0000 <error: 2.00035285949707 2.00035095214844 2.00035095214844 2.00035095214844 1.0000 
2097152 226.63751745224 62.9205536842346 5.76972961425781e-05 3928043.9917 40.5507202148438 5.5890 40.5507202148438 40.5507202148438 29.8625364303589 29.8625993728638 10.68812084198 2.00017547607422 2.00017547607422 0 0 0.7364 0.7364 1.0000 <error: 2.00017642974854 2.00017547607422 2.00017547607422 2.00017547607422 1.0000 
4194304 233.861929178238 64.7640993595123 6.03199005126953e-05 3877027.7668 41.8759734630585 5.5846 41.8759734630585 41.8759734630585 30.6134560108185 30.6134867668152 11.2624866962433 2.00008773803711 2.00008773803711 0 0 0.7311 0.7311 1.0000 <error: 2.00008821487427 2.00008773803711 2.00008773803711 2.00008773803711 1.0000 
