#set_size_in_keys sim_num_insn sim_num_refs sim_elapsed_time sim_inst_rate sim_num_branches sim_IPB bpred_bimod.lookups bpred_bimod.updates bpred_bimod.addr_hits bpred_bimod.dir_hits bpred_bimod.misses bpred_bimod.jr_hits bpred_bimod.jr_seen bpred_bimod.jr_non_ras_hits.PP bpred_bimod.jr_non_ras_seen.PP bpred_bimod.bpred_addr_rate bpred_bimod.bpred_dir_rate bpred_bimod.bpred_jr_rate bpred_bimod.bpred_jr_non_ras_rate.PP bpred_bimod.retstack_pushes bpred_bimod.retstack_pops bpred_bimod.used_ras.PP bpred_bimod.ras_hits.PP bpred_bimod.ras_rate.PP
4096 148.613037109375 45.908935546875 0.000244140625 608719.0000 26.468505859375 5.6147 26.468505859375 26.468505859375 20.791259765625 20.8203125 5.648193359375 2.08984375 2.08984375 0 0 0.7855 0.7866 1.0000 <error: 2.09033203125 2.08984375 2.08984375 2.08984375 1.0000 
8192 156.69873046875 47.126708984375 0.0001220703125 1283676.0000 27.9141845703125 5.6136 27.9141845703125 27.9141845703125 21.9375 21.9517822265625 5.96240234375 2.044921875 2.044921875 0 0 0.7859 0.7864 1.0000 <error: 2.045166015625 2.044921875 2.044921875 2.044921875 1.0000 
16384 163.241088867188 48.421142578125 6.103515625e-05 2674542.0000 29.145263671875 5.6009 29.145263671875 29.145263671875 22.8509521484375 22.8582153320312 6.28704833984375 2.0224609375 2.0224609375 0 0 0.7840 0.7843 1.0000 <error: 2.0225830078125 2.0224609375 2.0224609375 2.0224609375 1.0000 
32768 170.978973388672 50.2091369628906 3.0517578125e-05 5602639.0000 30.5395812988281 5.5986 30.5395812988281 30.5395812988281 23.6887817382812 23.6924743652344 6.84710693359375 2.01123046875 2.01123046875 0 0 0.7757 0.7758 1.0000 <error: 2.01129150390625 2.01123046875 2.01123046875 2.01123046875 1.0000 
65536 180.048629760742 52.2504425048828 4.57763671875e-05 3933222.3333 32.1664428710938 5.5974 32.1664428710938 32.1664428710938 24.8932952880859 24.8951263427734 7.27131652832031 2.005615234375 2.005615234375 0 0 0.7739 0.7739 1.0000 <error: 2.00564575195312 2.005615234375 2.005615234375 2.005615234375 1.0000 
131072 191.494132995605 54.6794128417969 4.57763671875e-05 4183253.1667 34.2095794677734 5.5977 34.2095794677734 34.2095794677734 26.6177978515625 26.6187133789062 7.59086608886719 2.0028076171875 2.0028076171875 0 0 0.7781 0.7781 1.0000 <error: 2.00282287597656 2.0028076171875 2.0028076171875 2.0028076171875 1.0000 
262144 197.923595428467 56.4071426391602 4.9591064453125e-05 3991114.0769 35.4371566772461 5.5852 35.4371566772461 35.4371566772461 27.3214950561523 27.3219451904297 8.11521148681641 2.00140380859375 2.00140380859375 0 0 0.7710 0.7710 1.0000 <error: 2.00141143798828 2.00140380859375 2.00140380859375 2.00140380859375 1.0000 
524288 209.941877365112 58.9095344543457 5.14984130859375e-05 4076666.9259 37.5046672821045 5.5978 37.5046672821045 37.5046672821045 29.0571899414062 29.0574111938477 8.44725608825684 2.00070190429688 2.00070190429688 0 0 0.7748 0.7748 1.0000 <error: 2.00070571899414 2.00070190429688 2.00070190429688 2.00070190429688 1.0000 
1048576 217.100955963135 60.7415828704834 5.53131103515625e-05 3924945.7241 38.8350009918213 5.5903 38.8350009918213 38.8350009918213 29.9019660949707 29.9020795822144 8.93292140960693 2.00035095214844 2.00035095214844 0 0 0.7700 0.7700 1.0000 <error: 2.00035285949707 2.00035095214844 2.00035095214844 2.00035095214844 1.0000 
2097152 226.63751745224 62.9205536842346 5.67436218261719e-05 3994061.5378 40.5507202148438 5.5890 40.5507202148438 40.5507202148438 31.2049713134766 31.2050271034241 9.34569311141968 2.00017547607422 2.00017547607422 0 0 0.7695 0.7695 1.0000 <error: 2.00017642974854 2.00017547607422 2.00017547607422 2.00017547607422 1.0000 
4194304 233.861929178238 64.7640993595123 5.96046447753906e-05 3923552.1000 41.8759734630585 5.5846 41.8759734630585 41.8759734630585 31.985093832016 31.9851217269897 9.89085173606873 2.00008773803711 2.00008773803711 0 0 0.7638 0.7638 1.0000 <error: 2.00008821487427 2.00008773803711 2.00008773803711 2.00008773803711 1.0000 
