#set_size_in_keys sim_num_insn sim_num_refs sim_elapsed_time sim_inst_rate sim_num_branches sim_IPB bpred_2lev.lookups bpred_2lev.updates bpred_2lev.addr_hits bpred_2lev.dir_hits bpred_2lev.misses bpred_2lev.jr_hits bpred_2lev.jr_seen bpred_2lev.jr_non_ras_hits.PP bpred_2lev.jr_non_ras_seen.PP bpred_2lev.bpred_addr_rate bpred_2lev.bpred_dir_rate bpred_2lev.bpred_jr_rate bpred_2lev.bpred_jr_non_ras_rate.PP bpred_2lev.retstack_pushes bpred_2lev.retstack_pops bpred_2lev.used_ras.PP bpred_2lev.ras_hits.PP bpred_2lev.ras_rate.PP
4096 210.089111328125 55.92333984375 0.000244140625 860525.0000 27.58349609375 7.6165 27.58349609375 27.58349609375 21.20458984375 21.2421875 6.34130859375 0.018798828125 0.01904296875 0 0 0.7687 0.7701 0.9872 <error: 0.01953125 0.01904296875 0.01904296875 0.018798828125 0.9872 
8192 213.835083007812 57.6357421875 0.0001220703125 1751737.0000 28.7939453125 7.4264 28.7939453125 28.7939453125 22.077392578125 22.0966796875 6.697265625 0.0103759765625 0.010498046875 0 0 0.7667 0.7674 0.9884 <error: 0.0107421875 0.010498046875 0.010498046875 0.0103759765625 0.9884 
16384 241.726867675781 64.1953735351562 6.103515625e-05 3960453.0000 31.4324951171875 7.6903 31.4324951171875 31.4324951171875 24.0928344726562 24.1024169921875 7.330078125 0.00616455078125 0.0062255859375 0 0 0.7665 0.7668 0.9902 <error: 0.00634765625 0.0062255859375 0.0062255859375 0.00616455078125 0.9902 
32768 246.029296875 66.2408447265625 3.0517578125e-05 8061888.0000 32.6931762695312 7.5254 32.6931762695312 32.6931762695312 24.9861755371094 24.9910583496094 7.70211791992188 0.004058837890625 0.00408935546875 0 0 0.7643 0.7644 0.9925 <error: 0.004150390625 0.00408935546875 0.00408935546875 0.004058837890625 0.9925 
65536 274.459655761719 73.0252838134766 3.0517578125e-05 8993494.0000 35.4084014892578 7.7513 35.4084014892578 35.4084014892578 27.0260925292969 27.0284881591797 8.37991333007812 0.0030059814453125 0.003021240234375 0 0 0.7633 0.7633 0.9949 <error: 0.0030517578125 0.003021240234375 0.003021240234375 0.0030059814453125 0.9949 
131072 278.941917419434 75.1707611083984 3.0517578125e-05 9140368.7500 36.7030258178711 7.6000 36.7030258178711 36.7030258178711 27.9327163696289 27.933952331543 8.76907348632812 0.00247955322265625 0.0024871826171875 0 0 0.7610 0.7611 0.9969 <error: 0.00250244140625 0.0024871826171875 0.0024871826171875 0.00247955322265625 0.9969 
262144 295.448436737061 79.6614036560059 3.4332275390625e-05 8605559.4444 38.7078971862793 7.6328 38.7078971862793 38.7078971862793 29.3956604003906 29.3962745666504 9.31162261962891 0.00221633911132812 0.00222015380859375 0 0 0.7594 0.7594 0.9983 <error: 0.002227783203125 0.00222015380859375 0.00222015380859375 0.00221633911132812 0.9983 
524288 426.007175445557 116.222379684448 4.9591064453125e-05 8590401.9231 58.5022754669189 7.2819 58.5022754669189 58.5022754669189 47.1521167755127 47.1525745391846 11.3497009277344 1.00214195251465 1.00214385986328 0 1.9073486328125e-06 0.8060 0.8060 1.0000 0.0000 1.00214576721191 1.00214195251465 1.00214195251465 1.00214195251465 1.0000 
1048576 451.23802280426 124.118431091309 5.340576171875e-05 8449238.5893 64.0605478286743 7.0439 64.0605478286743 64.0605478286743 52.5511054992676 52.5513467788696 11.5092010498047 1.00204944610596 1.00205039978027 0 9.5367431640625e-07 0.8203 0.8203 1.0000 0.0000 1.00205135345459 1.00204944610596 1.00204944610596 1.00204944610596 1.0000 
2097152 493.87091255188 135.035811424255 5.76972961425781e-05 8559689.0248 69.6020908355713 7.0956 69.6020908355713 69.6020908355713 56.9157795906067 56.9158997535706 12.6861910820007 1.00200319290161 1.00200366973877 0 4.76837158203125e-07 0.8177 0.8177 1.0000 0.0000 1.00200414657593 1.00200319290161 1.00200319290161 1.00200319290161 1.0000 
4194304 521.372492313385 144.08559346199 6.15119934082031e-05 8475948.5659 75.0000603199005 6.9516 75.0000603199005 75.0000603199005 61.3351712226868 61.3352293968201 13.6648309230804 1.00198006629944 1.00198030471802 0 2.38418579101562e-07 0.8178 0.8178 1.0000 0.0000 1.0019805431366 1.00198006629944 1.00198006629944 1.00198006629944 1.0000 
