#set_size_in_keys sim_num_insn sim_num_refs sim_elapsed_time sim_inst_rate sim_num_branches sim_IPB bpred_2lev.lookups bpred_2lev.updates bpred_2lev.addr_hits bpred_2lev.dir_hits bpred_2lev.misses bpred_2lev.jr_hits bpred_2lev.jr_seen bpred_2lev.jr_non_ras_hits.PP bpred_2lev.jr_non_ras_seen.PP bpred_2lev.bpred_addr_rate bpred_2lev.bpred_dir_rate bpred_2lev.bpred_jr_rate bpred_2lev.bpred_jr_non_ras_rate.PP bpred_2lev.retstack_pushes bpred_2lev.retstack_pops bpred_2lev.used_ras.PP bpred_2lev.ras_hits.PP bpred_2lev.ras_rate.PP
4096 251.715576171875 73.30224609375 0.000244140625 1031027.0000 35.072021484375 7.1771 35.072021484375 35.072021484375 29.03076171875 29.060302734375 6.01171875 2.089599609375 2.08984375 0 0.000244140625 0.8277 0.8286 0.9999 0.0000 2.090087890625 2.089599609375 2.089599609375 2.089599609375 1.0000 
8192 266.775390625 75.35302734375 0.0001220703125 2185424.0000 37.1268310546875 7.1855 37.1268310546875 37.1268310546875 30.615478515625 30.6300048828125 6.496826171875 2.0455322265625 2.045654296875 0 0 0.8246 0.8250 0.9999 <error: 2.0458984375 2.045654296875 2.045654296875 2.0455322265625 0.9999 
16384 287.777038574219 81.8636474609375 6.103515625e-05 4714939.0000 39.5987548828125 7.2673 39.5987548828125 39.5987548828125 32.6287231445312 32.6363525390625 6.96240234375 2.02288818359375 2.02301025390625 0 6.103515625e-05 0.8240 0.8242 0.9999 0.0000 2.0230712890625 2.02294921875 2.02294921875 2.02288818359375 1.0000 
32768 304.219329833984 84.613525390625 6.103515625e-05 4984329.5000 41.8651123046875 7.2667 41.8651123046875 41.8651123046875 34.3851013183594 34.3887939453125 7.476318359375 2.01138305664062 2.01141357421875 0 0 0.8213 0.8214 1.0000 <error: 2.011474609375 2.01141357421875 2.01141357421875 2.01138305664062 1.0000 
65536 325.965286254883 91.4933776855469 3.0517578125e-05 10681230.5000 44.4447937011719 7.3342 44.4447937011719 44.4447937011719 36.4659423828125 36.4678649902344 7.9769287109375 2.00572204589844 2.00575256347656 0 1.52587890625e-05 0.8205 0.8205 1.0000 0.0000 2.00576782226562 2.0057373046875 2.0057373046875 2.00572204589844 1.0000 
131072 342.846031188965 94.4345703125 3.814697265625e-05 8987503.0000 46.8056411743164 7.3249 46.8056411743164 46.8056411743164 38.3438034057617 38.3447036743164 8.4609375 2.00284576416016 2.00285339355469 0 0 0.8192 0.8192 1.0000 <error: 2.00286865234375 2.00285339355469 2.00285339355469 2.00284576416016 1.0000 
262144 364.783515930176 101.405830383301 4.1961669921875e-05 8693255.4545 49.4203758239746 7.3812 49.4203758239746 49.4203758239746 40.4614105224609 40.4618873596191 8.95848846435547 2.00143051147461 2.00143814086914 0 3.814697265625e-06 0.8187 0.8187 1.0000 0.0000 2.00144195556641 2.00143432617188 2.00143432617188 2.00143051147461 1.0000 
524288 381.750581741333 104.389492034912 8.96453857421875e-05 4258452.1064 51.7889575958252 7.3713 51.7889575958252 51.7889575958252 42.3335666656494 42.3337879180908 9.45516967773438 2.00071144104004 2.00071334838867 0 0 0.8174 0.8174 1.0000 <error: 2.00071716308594 2.00071334838867 2.00071334838867 2.00071144104004 1.0000 
1048576 403.73456287384 111.388705253601 9.44137573242188e-05 4276225.9899 54.4075860977173 7.4206 54.4075860977173 54.4075860977173 44.4502773284912 44.4504070281982 9.95717906951904 2.00036144256592 2.00036239624023 9.5367431640625e-07 1.9073486328125e-06 0.8170 0.8170 1.0000 0.5000 2.00036239624023 2.0003604888916 2.0003604888916 2.0003604888916 1.0000 
2097152 420.7346367836 114.385435581207 4.91142272949219e-05 8566451.3107 56.7823171615601 7.4096 56.7823171615601 56.7823171615601 46.32586145401 46.3259258270264 10.4563913345337 2.00017929077148 2.00017976760864 0 4.76837158203125e-07 0.8159 0.8159 1.0000 0.0000 2.0001802444458 2.00017929077148 2.00017929077148 2.00017929077148 1.0000 
4194304 442.726914167404 121.381753444672 0.000103473663330078 4278643.4724 59.4074120521545 7.4524 59.4074120521545 59.4074120521545 48.4493823051453 48.4494142532349 10.9579977989197 2.00009036064148 2.00009059906006 2.38418579101562e-07 4.76837158203125e-07 0.8155 0.8155 1.0000 0.5000 2.00009059906006 2.0000901222229 2.0000901222229 2.0000901222229 1.0000 
