#set_size_in_keys sim_num_insn sim_num_refs sim_elapsed_time sim_inst_rate sim_num_branches sim_IPB bpred_bimod.lookups bpred_bimod.updates bpred_bimod.addr_hits bpred_bimod.dir_hits bpred_bimod.misses bpred_bimod.jr_hits bpred_bimod.jr_seen bpred_bimod.jr_non_ras_hits.PP bpred_bimod.jr_non_ras_seen.PP bpred_bimod.bpred_addr_rate bpred_bimod.bpred_dir_rate bpred_bimod.bpred_jr_rate bpred_bimod.bpred_jr_non_ras_rate.PP bpred_bimod.retstack_pushes bpred_bimod.retstack_pops bpred_bimod.used_ras.PP bpred_bimod.ras_hits.PP bpred_bimod.ras_rate.PP
4096 251.715576171875 73.30224609375 0.000244140625 1031027.0000 35.072021484375 7.1771 35.072021484375 35.072021484375 28.859375 28.88720703125 6.184814453125 2.089599609375 2.08984375 0 0.000244140625 0.8229 0.8237 0.9999 0.0000 2.090087890625 2.089599609375 2.089599609375 2.089599609375 1.0000 
8192 266.775390625 75.35302734375 0.0001220703125 2185424.0000 37.1268310546875 7.1855 37.1268310546875 37.1268310546875 30.4381103515625 30.451904296875 6.6749267578125 2.0455322265625 2.045654296875 0 0 0.8198 0.8202 0.9999 <error: 2.0458984375 2.045654296875 2.045654296875 2.0455322265625 0.9999 
16384 287.777038574219 81.8636474609375 6.103515625e-05 4714939.0000 39.5987548828125 7.2673 39.5987548828125 39.5987548828125 32.4151611328125 32.4224243164062 7.17633056640625 2.02288818359375 2.02301025390625 0 6.103515625e-05 0.8186 0.8188 0.9999 0.0000 2.0230712890625 2.02294921875 2.02294921875 2.02288818359375 1.0000 
32768 304.219329833984 84.613525390625 3.0517578125e-05 9968659.0000 41.8651123046875 7.2667 41.8651123046875 41.8651123046875 34.18701171875 34.1904907226562 7.67462158203125 2.01138305664062 2.01141357421875 0 0 0.8166 0.8167 1.0000 <error: 2.011474609375 2.01141357421875 2.01141357421875 2.01138305664062 1.0000 
65536 325.965286254883 91.4933776855469 4.57763671875e-05 7120820.3333 44.4447937011719 7.3342 44.4447937011719 44.4447937011719 36.2783050537109 36.2801208496094 8.1646728515625 2.00572204589844 2.00575256347656 0 1.52587890625e-05 0.8163 0.8163 1.0000 0.0000 2.00576782226562 2.0057373046875 2.0057373046875 2.00572204589844 1.0000 
131072 342.846031188965 94.4345703125 3.814697265625e-05 8987503.0000 46.8056411743164 7.3249 46.8056411743164 46.8056411743164 38.1287841796875 38.1296539306641 8.67598724365234 2.00284576416016 2.00285339355469 0 0 0.8146 0.8146 1.0000 <error: 2.00286865234375 2.00285339355469 2.00285339355469 2.00284576416016 1.0000 
262144 364.783515930176 101.405830383301 4.1961669921875e-05 8693255.4545 49.4203758239746 7.3812 49.4203758239746 49.4203758239746 40.2502136230469 40.2506675720215 9.16970825195312 2.00143051147461 2.00143814086914 0 3.814697265625e-06 0.8144 0.8145 1.0000 0.0000 2.00144195556641 2.00143432617188 2.00143432617188 2.00143051147461 1.0000 
524288 381.750581741333 104.389492034912 5.340576171875e-05 7148116.0357 51.7889575958252 7.3713 51.7889575958252 51.7889575958252 42.1139221191406 42.1141376495361 9.67481994628906 2.00071144104004 2.00071334838867 0 0 0.8132 0.8132 1.0000 <error: 2.00071716308594 2.00071334838867 2.00071334838867 2.00071144104004 1.0000 
1048576 403.73456287384 111.388705253601 9.5367431640625e-05 4233463.7300 54.4075860977173 7.4206 54.4075860977173 54.4075860977173 44.2390193939209 44.2391376495361 10.1684484481812 2.00036144256592 2.00036239624023 9.5367431640625e-07 1.9073486328125e-06 0.8131 0.8131 1.0000 0.5000 2.00036239624023 2.0003604888916 2.0003604888916 2.0003604888916 1.0000 
2097152 420.7346367836 114.385435581207 4.76837158203125e-05 8823444.8500 56.7823171615601 7.4096 56.7823171615601 56.7823171615601 46.1145620346069 46.1146211624146 10.6676959991455 2.00017929077148 2.00017976760864 0 4.76837158203125e-07 0.8121 0.8121 1.0000 0.0000 2.0001802444458 2.00017929077148 2.00017929077148 2.00017929077148 1.0000 
4194304 442.726914167404 121.381753444672 9.98973846435547e-05 4431816.8663 59.4074120521545 7.4524 59.4074120521545 59.4074120521545 48.2368848323822 48.236914396286 11.1704976558685 2.00009036064148 2.00009059906006 2.38418579101562e-07 4.76837158203125e-07 0.8120 0.8120 1.0000 0.5000 2.00009059906006 2.0000901222229 2.0000901222229 2.0000901222229 1.0000 
