#set_size_in_keys sim_num_insn sim_num_refs sim_elapsed_time sim_inst_rate sim_num_branches sim_IPB bpred_bimod.lookups bpred_bimod.updates bpred_bimod.addr_hits bpred_bimod.dir_hits bpred_bimod.misses bpred_bimod.jr_hits bpred_bimod.jr_seen bpred_bimod.jr_non_ras_hits.PP bpred_bimod.jr_non_ras_seen.PP bpred_bimod.bpred_addr_rate bpred_bimod.bpred_dir_rate bpred_bimod.bpred_jr_rate bpred_bimod.bpred_jr_non_ras_rate.PP bpred_bimod.retstack_pushes bpred_bimod.retstack_pops bpred_bimod.used_ras.PP bpred_bimod.ras_hits.PP bpred_bimod.ras_rate.PP
4096 251.715576171875 73.30224609375 0.000244140625 1031027.0000 35.072021484375 7.1771 35.072021484375 35.072021484375 28.859375 28.8876953125 6.184326171875 2.089599609375 2.08984375 0 0.000244140625 0.8229 0.8237 0.9999 0.0000 2.090087890625 2.089599609375 2.089599609375 2.089599609375 1.0000 
8192 266.775390625 75.35302734375 0.0001220703125 2185424.0000 37.1268310546875 7.1855 37.1268310546875 37.1268310546875 30.4378662109375 30.4517822265625 6.675048828125 2.0455322265625 2.045654296875 0 0 0.8198 0.8202 0.9999 <error: 2.0458984375 2.045654296875 2.045654296875 2.0455322265625 0.9999 
16384 287.777038574219 81.8636474609375 6.103515625e-05 4714939.0000 39.5987548828125 7.2673 39.5987548828125 39.5987548828125 32.4149780273438 32.42236328125 7.1763916015625 2.02288818359375 2.02301025390625 0 6.103515625e-05 0.8186 0.8188 0.9999 0.0000 2.0230712890625 2.02294921875 2.02294921875 2.02288818359375 1.0000 
32768 304.219329833984 84.613525390625 3.0517578125e-05 9968659.0000 41.8651123046875 7.2667 41.8651123046875 41.8651123046875 34.1869812011719 34.1905212402344 7.67459106445312 2.01138305664062 2.01141357421875 0 0 0.8166 0.8167 1.0000 <error: 2.011474609375 2.01141357421875 2.01141357421875 2.01138305664062 1.0000 
65536 325.965286254883 91.4933776855469 4.57763671875e-05 7120820.3333 44.4447937011719 7.3342 44.4447937011719 44.4447937011719 36.2782897949219 36.2801361083984 8.16465759277344 2.00572204589844 2.00575256347656 0 1.52587890625e-05 0.8163 0.8163 1.0000 0.0000 2.00576782226562 2.0057373046875 2.0057373046875 2.00572204589844 1.0000 
131072 342.846031188965 94.4345703125 3.814697265625e-05 8987503.0000 46.8056411743164 7.3249 46.8056411743164 46.8056411743164 38.128776550293 38.1296615600586 8.67597961425781 2.00284576416016 2.00285339355469 0 0 0.8146 0.8146 1.0000 <error: 2.00286865234375 2.00285339355469 2.00285339355469 2.00284576416016 1.0000 
262144 364.783515930176 101.405830383301 4.1961669921875e-05 8693255.4545 49.4203758239746 7.3812 49.4203758239746 49.4203758239746 40.2502098083496 40.2506713867188 9.16970443725586 2.00143051147461 2.00143814086914 0 3.814697265625e-06 0.8144 0.8145 1.0000 0.0000 2.00144195556641 2.00143432617188 2.00143432617188 2.00143051147461 1.0000 
524288 381.750581741333 104.389492034912 4.38690185546875e-05 8702054.3043 51.7889575958252 7.3713 51.7889575958252 51.7889575958252 42.113920211792 42.1141395568848 9.67481803894043 2.00071144104004 2.00071334838867 0 0 0.8132 0.8132 1.0000 <error: 2.00071716308594 2.00071334838867 2.00071334838867 2.00071144104004 1.0000 
1048576 403.73456287384 111.388705253601 9.1552734375e-05 4409858.0521 54.4075860977173 7.4206 54.4075860977173 54.4075860977173 44.2390174865723 44.2391386032104 10.1684474945068 2.00036144256592 2.00036239624023 9.5367431640625e-07 1.9073486328125e-06 0.8131 0.8131 1.0000 0.5000 2.00036239624023 2.0003604888916 2.0003604888916 2.0003604888916 1.0000 
2097152 420.7346367836 114.385435581207 4.67300415039062e-05 9003515.1531 56.7823171615601 7.4096 56.7823171615601 56.7823171615601 46.1145615577698 46.1146221160889 10.6676950454712 2.00017929077148 2.00017976760864 0 4.76837158203125e-07 0.8121 0.8121 1.0000 0.0000 2.0001802444458 2.00017929077148 2.00017929077148 2.00017929077148 1.0000 
4194304 442.726914167404 121.381753444672 0.000100374221801758 4410763.1045 59.4074120521545 7.4524 59.4074120521545 59.4074120521545 48.2368845939636 48.2369148731232 11.1704971790314 2.00009036064148 2.00009059906006 2.38418579101562e-07 4.76837158203125e-07 0.8120 0.8120 1.0000 0.5000 2.00009059906006 2.0000901222229 2.0000901222229 2.0000901222229 1.0000 
