#set_size_in_keys sim_num_insn sim_num_refs sim_elapsed_time sim_inst_rate sim_num_branches sim_IPB bpred_2lev.lookups bpred_2lev.updates bpred_2lev.addr_hits bpred_2lev.dir_hits bpred_2lev.misses bpred_2lev.jr_hits bpred_2lev.jr_seen bpred_2lev.jr_non_ras_hits.PP bpred_2lev.jr_non_ras_seen.PP bpred_2lev.bpred_addr_rate bpred_2lev.bpred_dir_rate bpred_2lev.bpred_jr_rate bpred_2lev.bpred_jr_non_ras_rate.PP bpred_2lev.retstack_pushes bpred_2lev.retstack_pops bpred_2lev.used_ras.PP bpred_2lev.ras_hits.PP bpred_2lev.ras_rate.PP
4096 210.087158203125 55.922607421875 0.000244140625 860517.0000 27.58203125 7.6168 27.58203125 27.58203125 21.18505859375 21.22216796875 6.35986328125 0.018798828125 0.01904296875 0 0 0.7681 0.7694 0.9872 <error: 0.01953125 0.01904296875 0.01904296875 0.018798828125 0.9872 
8192 213.834106445312 57.6353759765625 0.0001220703125 1751729.0000 28.793212890625 7.4265 28.793212890625 28.793212890625 22.013671875 22.032470703125 6.7607421875 0.0103759765625 0.010498046875 0 0 0.7645 0.7652 0.9884 <error: 0.0107421875 0.010498046875 0.010498046875 0.0103759765625 0.9884 
16384 241.726379394531 64.1951904296875 6.103515625e-05 3960445.0000 31.43212890625 7.6904 31.43212890625 31.43212890625 24.0706176757812 24.080078125 7.35205078125 0.00616455078125 0.0062255859375 0 0 0.7658 0.7661 0.9902 <error: 0.00634765625 0.0062255859375 0.0062255859375 0.00616455078125 0.9902 
32768 246.029052734375 66.2407531738281 3.0517578125e-05 8061880.0000 32.6929931640625 7.5254 32.6929931640625 32.6929931640625 24.9296875 24.9346923828125 7.75830078125 0.004058837890625 0.00408935546875 0 0 0.7625 0.7627 0.9925 <error: 0.004150390625 0.00408935546875 0.00408935546875 0.004058837890625 0.9925 
65536 274.459533691406 73.0252380371094 3.0517578125e-05 8993490.0000 35.4083099365234 7.7513 35.4083099365234 35.4083099365234 27.0138397216797 27.0162353515625 8.39207458496094 0.0030059814453125 0.003021240234375 0 0 0.7629 0.7630 0.9949 <error: 0.0030517578125 0.003021240234375 0.003021240234375 0.0030059814453125 0.9949 
131072 278.941856384277 75.1707382202148 3.0517578125e-05 9140366.7500 36.7029800415039 7.6000 36.7029800415039 36.7029800415039 27.8842163085938 27.8854751586914 8.8175048828125 0.00247955322265625 0.0024871826171875 0 0 0.7597 0.7598 0.9969 <error: 0.00250244140625 0.0024871826171875 0.0024871826171875 0.00247955322265625 0.9969 
262144 307.314178466797 81.9631881713867 3.814697265625e-05 8056056.8000 39.3930778503418 7.8012 39.3930778503418 39.3930778503418 29.9477577209473 29.9483604431152 9.44471740722656 0.00221633911132812 0.00222015380859375 0 0 0.7602 0.7602 0.9983 <error: 0.002227783203125 0.00222015380859375 0.00222015380859375 0.00221633911132812 0.9983 
524288 321.194887161255 87.1682682037354 3.814697265625e-05 8419931.2500 41.8346824645996 7.6777 41.8346824645996 41.8346824645996 32.0771045684814 32.0774669647217 9.75721549987793 0.00209426879882812 0.00209617614746094 0 1.9073486328125e-06 0.7668 0.7668 0.9991 0.0000 0.00209808349609375 0.00209426879882812 0.00209426879882812 0.00209426879882812 1.0000 
1048576 349.545023918152 93.9556856155396 4.00543212890625e-05 8726774.3571 44.5196771621704 7.8515 44.5196771621704 44.5196771621704 34.1362419128418 34.1364221572876 10.3832550048828 0.00202560424804688 0.00202655792236328 0 9.5367431640625e-07 0.7668 0.7668 0.9995 0.0000 0.00202751159667969 0.00202560424804688 0.00202560424804688 0.00202560424804688 1.0000 
2097152 354.266427516937 96.1691470146179 4.00543212890625e-05 8844649.3690 45.8522090911865 7.7263 45.8522090911865 45.8522090911865 35.03076171875 35.0308523178101 10.8213567733765 0.00199127197265625 0.00199174880981445 0 4.76837158203125e-07 0.7640 0.7640 0.9998 0.0000 0.00199222564697266 0.00199127197265625 0.00199127197265625 0.00199127197265625 1.0000 
4194304 382.606046199799 102.961532354355 4.31537628173828e-05 8866110.8840 48.5344393253326 7.8832 48.5344393253326 48.5344393253326 37.087509393692 37.0875537395477 11.4468855857849 0.00197410583496094 0.00197434425354004 0 2.38418579101562e-07 0.7641 0.7641 0.9999 0.0000 0.00197458267211914 0.00197410583496094 0.00197410583496094 0.00197410583496094 1.0000 
